% function evaluation | noise-free fitness - Fopt (1.026100000000e+02) | best noise-free fitness - Fopt | measured fitness | best measured fitness | x1 | x2...
1 +1.192030107e+03 +1.192030107e+03 +1.294640107e+03 +1.294640107e+03 +3.6906e+00 -4.7321e+00 -4.5951e+00 -1.8352e+00 -4.5342e-02 -2.7423e-01 +4.4008e+00 +2.4759e+00 +3.8893e+00 +3.8831e+00 -2.9839e+00 -4.4946e+00 -3.5461e+00 -2.5025e+00 -3.2868e+00 -4.9256e+00 +4.7425e+00 +1.6228e+00 -5.0000e+00 -3.5385e+00
2 +9.526671929e+02 +9.526671929e+02 +1.055277193e+03 +1.055277193e+03 -4.5334e+00 +2.1687e+00 -2.0252e+00 -3.3556e+00 +2.0601e+00 +4.3489e+00 +4.4015e+00 +2.0583e+00 +3.3383e+00 -3.8723e+00 -4.5980e+00 +4.9788e+00 +4.1585e+00 -2.7203e+00 +4.7573e+00 -4.3394e-01 +2.3034e+00 +2.6839e+00 +4.3202e+00 +2.3388e+00
3 +8.955087636e+02 +8.955087636e+02 +9.981187636e+02 +9.981187636e+02 +4.8102e+00 -3.8815e+00 -3.4049e+00 -2.5639e+00 -9.7293e-01 +2.1538e+00 -6.4898e-01 -6.4774e-01 -4.9828e+00 +4.2933e+00 +1.5145e+00 -1.4826e-01 +4.3914e+00 -1.9535e+00 -1.1109e+00 +2.8048e+00 +1.8751e+00 +1.4443e-01 -2.5100e+00 -3.1053e+00
4 +6.400232892e+02 +6.400232892e+02 +7.426332892e+02 +7.426332892e+02 -7.7194e-01 +8.3362e-01 -3.9725e+00 +1.8157e+00 +2.4116e+00 -3.4222e+00 +8.4141e-01 +1.1732e+00 -8.7266e-01 -3.1912e+00 -2.7546e+00 +2.6212e+00 -2.5727e+00 -2.9193e+00 +1.7774e+00 -4.0578e-01 +2.8907e+00 -2.7054e-01 -1.9663e+00 +1.1002e+00
9 +6.010159513e+02 +6.010159513e+02 +7.036259513e+02 +7.036259513e+02 -3.9940e-01 +4.2164e-01 -1.4357e+00 +6.6236e-01 +2.2567e+00 +2.3104e+00 -1.2625e+00 -2.5528e+00 -3.4455e+00 -2.3768e+00 -2.2743e+00 +6.4675e-01 -8.5143e-01 +9.7070e-01 +3.3894e+00 +4.8042e+00 +1.8360e+00 +2.5139e+00 -3.1815e+00 -3.4900e-01
15 +5.409852493e+02 +5.409852493e+02 +6.435952493e+02 +6.435952493e+02 -3.8592e+00 -5.6388e-01 -4.2649e+00 -1.2462e+00 +1.0545e+00 +2.8357e+00 +2.7653e+00 -3.3706e-01 -5.0659e-01 -4.4664e+00 -1.2670e+00 +4.0018e+00 +3.3927e+00 -1.4638e+00 -1.8925e-01 +9.7399e-01 +2.7336e+00 +1.8502e+00 -1.6839e+00 -2.0618e+00
36 +4.991914931e+02 +4.991914931e+02 +6.018014931e+02 +6.018014931e+02 +2.4785e+00 +4.4157e+00 -3.1242e+00 +3.0542e+00 -1.9095e+00 +2.6273e+00 -4.2698e+00 -2.3857e+00 -1.3824e+00 +4.0911e+00 -1.8790e+00 -7.0448e-01 -2.3907e+00 -2.5482e+00 +1.3344e+00 +9.2280e-01 +6.8433e-01 -8.1266e-02 +3.5875e+00 -2.2987e+00
46 +4.298740588e+02 +4.298740588e+02 +5.324840588e+02 +5.324840588e+02 -2.7922e-01 +7.2049e-01 +9.1327e-01 +3.1998e+00 -5.6601e-01 +1.5533e+00 +3.2352e+00 -1.0075e+00 -2.1508e+00 +3.8129e+00 -2.1142e+00 -1.6576e+00 +5.1447e-01 +4.7284e+00 -2.6419e+00 -2.2441e+00 -1.4187e-01 -5.7619e-01 +2.1993e+00 -1.4309e+00
2112 +4.139561331e+02 +4.139561331e+02 +5.165661331e+02 +5.165661331e+02 +2.2790e+00 -3.9774e-01 +1.7564e+00 +3.9732e+00 -1.4665e+00 -2.0091e+00 -6.8388e-01 +1.2943e+00 -3.2368e+00 +2.7058e+00 -4.6600e-01 +9.0650e-01 +9.8920e-01 +2.7246e+00 -6.8257e-01 +7.1221e-01 +2.7010e+00 -1.6106e+00 +4.2352e+00 +8.6930e-01
8040 +3.870251470e+02 +3.870251470e+02 +4.896351470e+02 +4.896351470e+02 +2.3359e+00 -3.5261e+00 -2.8355e+00 +3.7842e+00 -4.0073e+00 -1.7002e+00 -1.8447e+00 -2.4707e+00 -3.1296e-01 +1.1372e+00 -9.4625e-01 +3.5692e-01 -2.6652e+00 +2.2229e+00 -4.7241e+00 -1.6981e+00 -4.5804e+00 -1.1873e+00 -1.3209e+00 +4.0746e-02
8470 +3.674346608e+02 +3.674346608e+02 +4.700446608e+02 +4.700446608e+02 +1.9667e+00 -2.3057e+00 +5.0093e-01 -2.2323e+00 -3.2626e-01 -1.0021e+00 -1.8002e+00 -2.4957e+00 -2.5860e+00 +1.9443e+00 +3.4013e-01 -2.0075e+00 -1.1323e+00 +1.1411e+00 -3.4984e+00 -1.1507e+00 +2.8491e+00 -2.4733e+00 -4.6834e-01 +3.8396e+00
18694 +3.524910168e+02 +3.524910168e+02 +4.551010168e+02 +4.551010168e+02 -1.2894e+00 -1.8649e+00 +4.8546e-01 +2.7585e+00 -1.8675e+00 +1.1237e+00 -3.7824e-01 -3.0089e+00 -1.4403e+00 +1.8936e+00 -2.5246e+00 -3.0594e+00 +8.0444e-01 +3.2504e+00 -1.6778e+00 -2.1541e+00 +4.6610e-01 -1.3321e+00 -1.2205e+00 +2.2857e+00
18804 +3.226562644e+02 +3.226562644e+02 +4.252662644e+02 +4.252662644e+02 -2.4563e+00 -2.3554e+00 +4.0440e-01 -1.3759e+00 +1.6685e+00 +1.1217e+00 +1.2489e+00 -2.8472e+00 -8.3042e-01 -2.9349e+00 +1.3467e+00 -1.6867e+00 -7.3125e-01 -2.7913e+00 +2.3278e+00 +1.5956e+00 +2.7735e+00 +7.6719e-01 +2.4577e-02 +8.1851e-01
164796 +3.139231824e+02 +3.139231824e+02 +4.165331824e+02 +4.165331824e+02 +2.7713e+00 +7.8246e-01 -2.6475e+00 +7.0930e-01 -1.5781e+00 -9.6143e-01 +8.6449e-02 -3.3559e+00 -1.1315e+00 +2.6820e+00 -1.0143e+00 -3.9981e+00 +3.1959e+00 +8.1264e-01 -5.5659e-02 +1.5459e+00 -1.3497e+00 -4.1474e-01 +4.5812e-01 +3.6870e+00
596256 +2.949311005e+02 +2.949311005e+02 +3.975411005e+02 +3.975411005e+02 +2.4288e+00 +3.6119e+00 -1.0251e+00 +2.1366e-01 -9.1158e-01 -9.4812e-01 -3.2915e+00 -3.5196e+00 -6.6239e-01 +1.6502e+00 -3.7427e-01 -1.7659e-01 +1.0755e+00 +3.4801e+00 -5.3091e-01 -2.5363e+00 -2.1770e+00 +1.4029e+00 +9.6067e-01 +2.4859e+00
2487967 +2.478242410e+02 +2.478242410e+02 +3.504342410e+02 +3.504342410e+02 +2.0538e+00 -1.1718e+00 -1.1533e+00 +2.4014e+00 +1.4745e+00 -1.1364e+00 -3.5706e+00 +1.0170e-01 -2.7639e+00 +2.6556e+00 -1.4403e+00 -7.0011e-01 -2.3775e+00 +1.4178e+00 -1.4304e+00 -5.8725e-01 +7.0236e-01 -7.7150e-01 +1.1887e+00 +2.3461e+00
60334690 +2.402891742e+02 +2.402891742e+02 +3.428991742e+02 +3.428991742e+02 +6.9635e-01 +2.6429e+00 -1.3878e+00 +9.2823e-01 -1.1796e+00 -2.2171e+00 +6.7562e-01 -5.4499e-01 -1.8839e+00 +1.7686e+00 +4.7976e-01 -1.6389e+00 -2.1626e+00 -9.5244e-01 -5.3968e-01 -2.7862e+00 -1.9570e+00 -2.3188e+00 -1.5074e+00 -1.0693e-01
98164658 +2.379023298e+02 +2.379023298e+02 +3.405123298e+02 +3.405123298e+02 +1.3834e+00 +3.2491e-01 +1.0096e+00 +1.4500e+00 -8.6178e-01 -7.3452e-01 -2.0240e+00 -2.7827e+00 -4.0555e+00 +4.7385e-02 -6.4240e-01 -2.1772e+00 -2.8459e+00 +1.4802e+00 -2.6352e+00 +4.3041e-01 -3.5103e-01 -2.9852e-01 +9.8207e-01 +1.7767e+00
135604891 +2.270141901e+02 +2.270141901e+02 +3.296241901e+02 +3.296241901e+02 +2.3362e-01 +2.5974e+00 -2.4512e+00 +1.4989e+00 +5.2910e-01 -1.1804e+00 -1.2206e+00 -3.3855e+00 -2.3046e-01 +1.7277e+00 -2.8862e+00 -1.5600e+00 +8.0307e-01 +2.0399e+00 -1.4045e+00 +2.8906e-01 -2.1878e+00 -1.1995e+00 +1.0243e+00 +1.0008e+00
% function evaluation | noise-free fitness - Fopt (9.330000000000e+01) | best noise-free fitness - Fopt | measured fitness | best measured fitness | x1 | x2...
1 +1.071519307e+03 +1.071519307e+03 +1.164819307e+03 +1.164819307e+03 -6.8080e-03 +6.7808e-01 -5.1311e-01 +3.8263e+00 +4.3836e+00 +4.8982e+00 -1.6175e+00 -4.1883e+00 -3.9350e+00 -4.0728e+00 -4.2902e+00 +3.3629e+00 -4.4431e+00 -3.0472e+00 -3.8828e+00 +2.2198e+00 -1.5605e-01 -2.3385e+00 +4.4568e+00 +8.9961e-01
2 +8.641166445e+02 +8.641166445e+02 +9.574166445e+02 +9.574166445e+02 +1.7562e+00 +3.8232e+00 +2.8448e+00 -2.9551e+00 +4.2598e+00 -2.5075e+00 -7.1461e-03 +7.2944e-01 -1.7735e+00 +2.5911e+00 -3.9697e+00 -4.6421e+00 +3.8588e+00 +4.8448e-01 -1.6878e+00 -1.4486e+00 -2.7092e+00 -3.8311e-01 -3.8656e+00 +1.6132e+00
4 +7.227290229e+02 +7.227290229e+02 +8.160290229e+02 +8.160290229e+02 +1.1427e+00 +1.0948e+00 +1.8481e+00 -4.8911e+00 +3.1620e+00 +5.2689e-01 +3.0243e-01 +1.1794e+00 -4.6471e+00 +3.2394e+00 +1.5171e+00 +1.2625e+00 +1.3806e-01 +4.7096e+00 +1.5300e+00 +2.2595e+00 -5.9004e-01 -3.8852e+00 +2.7958e+00 -4.4255e+00
9 +5.263073729e+02 +5.263073729e+02 +6.196073729e+02 +6.196073729e+02 +5.0156e-02 -4.7900e+00 -2.1419e+00 -8.3806e-01 -1.2523e+00 +1.6217e+00 -1.6459e+00 +1.4908e+00 +1.7495e+00 -3.2560e+00 +3.4568e+00 +4.7282e+00 -1.2629e+00 -3.2986e-01 +2.7112e+00 -4.9491e+00 -8.3714e-01 +1.0639e+00 -1.1409e+00 +3.1746e+00
18 +5.136714364e+02 +5.136714364e+02 +6.069714364e+02 +6.069714364e+02 -3.7183e+00 +1.5347e+00 +2.4705e+00 -3.8453e+00 +1.1883e-01 +1.7900e-02 -2.9565e+00 -2.8802e+00 -1.2451e+00 -4.6685e+00 +2.2648e+00 +1.4951e+00 -1.1571e+00 -5.4321e-02 -2.5735e+00 +1.2515e+00 -1.6605e+00 +7.7661e-01 -2.9178e+00 +1.1238e+00
20 +5.047038446e+02 +5.047038446e+02 +5.980038446e+02 +5.980038446e+02 +2.9719e+00 -1.5483e+00 +5.4931e-01 -2.6229e+00 -3.7941e+00 -9.2161e-02 +1.0541e+00 -1.4593e+00 +4.6597e-01 -4.4922e+00 -6.9585e-01 +6.7507e-01 +2.5896e-01 -4.5411e+00 +1.0190e+00 -7.6017e-01 -4.8121e-01 -6.2730e-02 -6.5113e-01 -1.9401e+00
131 +4.955877070e+02 +4.955877070e+02 +5.888877070e+02 +5.888877070e+02 -7.3761e-02 +1.1128e+00 +1.1704e+00 -8.7912e-01 +5.8372e-01 -1.8707e+00 +1.3099e-01 +3.2929e+00 +9.7376e-01 -2.5864e+00 +4.5742e+00 -1.5247e+00 -1.6648e+00 -7.6165e-01 -2.1081e+00 -7.6648e-01 -1.6653e+00 -1.6722e+00 +2.2629e+00 -4.0378e+00
302 +4.743156921e+02 +4.743156921e+02 +5.676156921e+02 +5.676156921e+02 +3.3627e+00 +7.5267e-03 -1.7028e+00 -4.9179e-01 +1.7317e+00 -2.5324e+00 -5.2791e-01 -7.7698e-01 +1.9037e+00 +2.9207e-01 +5.7078e-01 -2.9683e+00 +2.6449e+00 -1.4081e+00 -1.4389e+00 -3.4888e+00 +5.5208e-02 +4.8568e-01 -5.4678e-01 -3.0320e+00
374 +4.648458772e+02 +4.648458772e+02 +5.581458772e+02 +5.581458772e+02 +9.2249e-01 -2.1481e+00 -9.5408e-01 -7.1841e-02 -5.8085e-01 -4.1145e+00 -1.3822e+00 +3.7500e+00 +3.1051e-01 +9.0926e-01 -3.6354e-01 +1.6978e+00 -3.3705e-02 +3.8028e+00 -2.9030e+00 +4.9323e-01 +2.4055e-01 -1.7131e+00 -4.9764e+00 -9.3541e-02
533 +3.957531963e+02 +3.957531963e+02 +4.890531963e+02 +4.890531963e+02 +2.0433e+00 -2.9519e+00 -6.5607e-01 +2.1158e+00 -2.4370e+00 +3.3373e+00 -3.9987e-01 -1.9167e+00 +1.2546e+00 -3.3364e+00 +1.2981e-01 +4.8353e+00 -2.6041e+00 +2.7028e+00 -2.1963e+00 -3.2611e+00 -3.4625e+00 -2.2988e-01 -2.5118e+00 -6.6089e-01
1626 +3.523225411e+02 +3.523225411e+02 +4.456225411e+02 +4.456225411e+02 -1.3562e+00 -7.1978e-01 -2.1315e+00 -1.4770e-01 -4.2824e+00 -1.0611e-02 +1.3770e+00 -1.3146e+00 +4.2565e-01 +1.9615e+00 +1.7140e+00 -7.5187e-02 +2.5336e+00 +2.5957e+00 -3.2098e+00 -3.0238e+00 -1.6195e-02 +1.1472e-01 -2.1482e-01 -3.5054e+00
130823 +3.425208624e+02 +3.425208624e+02 +4.358208624e+02 +4.358208624e+02 +1.2611e+00 -1.5139e+00 -4.0178e+00 -1.0482e+00 -3.7590e+00 +2.5555e+00 -9.8897e-01 -2.3699e+00 +1.5579e+00 -1.9963e+00 +4.7277e-01 +5.5054e-01 +2.7309e+00 +2.2980e+00 -2.8469e+00 +8.3397e-01 -2.6766e+00 +1.1517e+00 -3.0063e-01 -1.1315e+00
169100 +2.955027719e+02 +2.955027719e+02 +3.888027719e+02 +3.888027719e+02 -2.9094e+00 +5.5058e-01 +1.3670e+00 +1.5685e+00 +1.8636e-01 -2.0907e+00 +2.5717e+00 +1.5220e+00 -9.4384e-02 +2.0879e+00 -3.0836e+00 -1.4561e+00 -3.5745e+00 -1.3019e+00 +1.1760e+00 +2.0869e-01 +1.3314e-01 -7.9920e-01 +9.4810e-01 -3.6646e-01
777415 +2.781158180e+02 +2.781158180e+02 +3.714158180e+02 +3.714158180e+02 +1.6888e+00 -1.6576e+00 +2.3331e+00 -2.9310e+00 -5.5046e-01 +2.5965e+00 -2.8448e+00 -5.5172e-01 -3.0102e+00 +6.2881e-02 -4.2641e-01 +2.1538e+00 +2.3651e+00 +1.3294e+00 +3.8030e-02 +1.4172e+00 +6.9052e-02 +2.0369e+00 -1.7908e+00 -7.2571e-01
850089 +2.668456343e+02 +2.668456343e+02 +3.601456343e+02 +3.601456343e+02 -2.1799e+00 +6.1254e-01 +1.3300e+00 +4.2419e-01 +1.2493e+00 -1.3032e+00 -1.7592e-01 -1.5480e+00 +1.7377e+00 -2.1778e+00 -5.7683e-02 -2.1794e+00 -4.2565e+00 -6.7054e-01 +9.5042e-01 +7.6890e-03 +8.2504e-01 -3.3816e+00 +2.4680e+00 +3.4116e+00
1440186 +2.623992920e+02 +2.623992920e+02 +3.556992920e+02 +3.556992920e+02 +2.0704e+00 -2.6902e+00 -1.4890e+00 -1.2034e+00 -2.0883e+00 +1.4372e+00 -8.2681e-01 +1.6080e+00 +1.8179e+00 -2.5358e+00 +7.0109e-01 +5.8122e-01 +1.4766e+00 +3.5813e+00 -1.4759e+00 -1.1310e-01 +2.8921e+00 +2.0251e-01 -2.2298e+00 -3.3598e+00
16444147 +2.558580152e+02 +2.558580152e+02 +3.491580152e+02 +3.491580152e+02 +1.5830e+00 -1.1718e+00 -3.3330e+00 -5.2831e-01 +1.0553e+00 +5.3620e-01 -1.9468e+00 -8.9186e-02 -1.7365e+00 -3.0379e+00 +7.9293e-01 +1.7514e+00 -1.9573e-01 +1.7850e+00 -2.0407e+00 -1.6954e+00 -3.2210e+00 +2.2613e+00 -2.3362e+00 +3.0056e-01
71753983 +2.469402620e+02 +2.469402620e+02 +3.402402620e+02 +3.402402620e+02 -2.7724e-01 +2.2819e+00 -1.8142e-01 +2.8311e+00 +1.9712e+00 -1.9964e+00 +2.3209e+00 +5.8065e-01 +2.0031e+00 +2.5734e+00 -2.7293e+00 +5.9572e-01 -1.9009e+00 -1.4843e+00 +2.2459e+00 +1.2646e+00 +3.0899e+00 -3.5488e+00 +2.4282e+00 +4.4329e-01
97308055 +2.384203578e+02 +2.384203578e+02 +3.317203578e+02 +3.317203578e+02 +7.3999e-01 -1.1457e+00 -2.2587e+00 -2.2422e-01 -1.1308e+00 -1.7282e+00 -4.2499e+00 +1.8014e+00 -1.1886e+00 -3.3808e+00 +2.4154e+00 +2.0385e+00 +1.5187e+00 +2.9139e+00 -1.0069e+00 -1.0486e+00 -1.6883e+00 +8.1399e-01 -3.3629e+00 -1.7208e+00
145691103 +2.231745046e+02 +2.231745046e+02 +3.164745046e+02 +3.164745046e+02 -3.0085e+00 +1.6054e+00 +1.6356e+00 -2.0005e-01 +1.4768e+00 -1.8493e+00 -1.8332e-02 -1.8486e+00 -3.6023e-01 +1.3581e+00 -1.2872e+00 -2.7330e+00 -2.6243e+00 +6.3996e-01 +1.5548e-01 +1.2542e+00 +2.7849e+00 -2.5065e+00 +8.0431e-01 +1.8298e+00
% function evaluation | noise-free fitness - Fopt (1.364000000000e+01) | best noise-free fitness - Fopt | measured fitness | best measured fitness | x1 | x2...
1 +6.513013515e+02 +6.513013515e+02 +6.649413515e+02 +6.649413515e+02 -2.0106e-01 -4.6618e+00 +1.7154e+00 -3.4023e+00 -9.2567e-01 -3.9395e+00 -3.3024e+00 -4.5646e+00 -2.9182e+00 -1.8324e+00 +1.0756e+00 +3.9696e+00 -8.3797e-01 -1.3288e+00 -2.7766e+00 +2.2572e+00 -8.8785e-01 -3.5367e+00 +5.1760e-01 +1.4305e+00
15 +6.408325057e+02 +6.408325057e+02 +6.544725057e+02 +6.544725057e+02 +3.1564e+00 +1.5080e+00 -1.2187e+00 +1.3488e+00 +1.8579e+00 -9.9227e-01 -1.7762e+00 -4.5944e+00 -4.7918e+00 -4.4411e+00 +3.1120e+00 +2.6237e+00 -1.8208e+00 -2.0775e+00 +3.5240e+00 +2.0630e+00 +8.1804e-01 +1.2653e+00 +4.3243e+00 +2.3803e+00
66 +5.752232315e+02 +5.752232315e+02 +5.888632315e+02 +5.888632315e+02 +7.9825e-01 -6.3530e-01 -2.0819e+00 -2.0341e+00 +3.9821e+00 -4.4290e-01 -2.4870e+00 -2.1832e+00 +1.3515e+00 -3.2260e+00 -3.4219e+00 -1.8670e+00 +2.0394e+00 -2.4473e+00 +4.5049e-01 +2.1573e+00 +1.3824e+00 +3.1858e-01 -3.8502e+00 +2.1214e+00
104 +5.218776174e+02 +5.218776174e+02 +5.355176174e+02 +5.355176174e+02 +2.3108e+00 -1.1085e-01 +2.4752e+00 +3.4553e+00 -1.8183e+00 +5.4630e-01 -4.4248e-01 -2.1769e-01 -2.5140e+00 -4.8325e-01 +1.1105e+00 +6.4619e-01 -1.4261e+00 +2.6402e+00 +3.0718e-01 +1.2707e+00 -9.5844e-01 -1.3585e+00 +2.4161e+00 +3.8018e+00
284 +4.917225379e+02 +4.917225379e+02 +5.053625379e+02 +5.053625379e+02 -8.1994e-01 +2.9708e+00 +4.8633e+00 +4.9687e+00 +1.4542e+00 -2.1568e+00 -5.0378e-01 +1.8010e+00 +8.1716e-01 -1.4261e-01 +1.4840e+00 +4.3742e+00 +1.6335e+00 -3.4388e+00 +4.3938e+00 +2.1280e+00 -1.9935e+00 -2.6375e+00 +2.1997e+00 -1.2616e-01
338 +4.880236312e+02 +4.880236312e+02 +5.016636312e+02 +5.016636312e+02 -4.2520e+00 +3.8487e+00 +2.5946e+00 +2.7847e+00 -1.3147e+00 +1.5117e+00 -2.4379e+00 +4.1123e-01 -3.9477e-01 +1.1770e+00 -1.8913e+00 -1.1615e+00 -3.0665e+00 -2.7150e+00 +7.4603e-01 -6.0634e-01 +9.3072e-01 -2.6963e+00 +1.5593e+00 +4.2055e+00
541 +4.724840141e+02 +4.724840141e+02 +4.861240141e+02 +4.861240141e+02 +2.2007e+00 +1.5033e+00 +4.8050e-01 +2.7987e+00 +2.5599e+00 +1.1531e+00 -1.6679e+00 -1.7568e+00 -2.0693e+00 -1.6904e-01 +4.8763e+00 +2.9154e+00 +3.3287e+00 +2.5215e-02 +3.1734e+00 -2.9527e+00 -9.4808e-01 -3.8828e+00 +1.4910e+00 +8.6486e-01
1170 +4.566173455e+02 +4.566173455e+02 +4.702573455e+02 +4.702573455e+02 +8.2098e-01 +1.4214e+00 -1.4462e+00 +1.5806e+00 -2.3665e+00 +9.4260e-01 -1.4282e+00 -4.0530e+00 -2.4251e+00 -2.3807e+00 +1.5109e+00 -2.5343e+00 +3.5226e+00 -2.8138e+00 -2.8679e-01 +6.3442e-01 -3.6295e+00 -3.4842e+00 +1.9844e+00 +1.2946e+00
1184 +4.390427361e+02 +4.390427361e+02 +4.526827361e+02 +4.526827361e+02 -1.7889e+00 +2.7297e+00 +7.2600e-01 +1.2914e+00 -5.1462e-02 -4.8154e+00 -1.7392e+00 -2.4744e+00 -4.1804e+00 -3.0414e+00 -4.7132e-01 +7.8908e-01 -2.4411e+00 -4.6711e+00 +1.7995e-01 +2.6781e+00 +5.9789e-02 -1.4766e+00 +2.1897e+00 +1.8013e+00
2823 +4.242096208e+02 +4.242096208e+02 +4.378496208e+02 +4.378496208e+02 -1.0374e+00 +2.1695e+00 +1.7173e+00 -3.2017e-01 +1.2651e+00 -8.0639e-01 +1.2021e+00 -9.3165e-01 -4.8280e+00 -3.7825e-02 -9.7718e-01 +1.0359e+00 +4.3287e+00 -1.9174e+00 +4.6567e+00 -1.2642e+00 +8.9027e-02 +2.7114e-01 -3.7715e-01 +1.4658e+00
3646 +4.125903985e+02 +4.125903985e+02 +4.262303985e+02 +4.262303985e+02 -1.6172e+00 +2.7897e-01 +1.7910e+00 +3.1574e+00 -5.4334e-01 +5.9968e-02 -2.9994e+00 +2.6172e+00 -1.9303e+00 -1.9070e+00 -3.9671e+00 -2.4210e+00 -5.9809e-01 -1.1989e+00 +4.2127e+00 -2.9142e+00 +1.8014e+00 -8.9648e-01 +4.0353e+00 +1.5465e+00
3876 +3.937872419e+02 +3.937872419e+02 +4.074272419e+02 +4.074272419e+02 +3.4217e+00 -2.2215e+00 -6.6593e-01 -3.2043e+00 -2.3451e+00 +8.2764e-01 +1.5307e-01 -2.3557e-01 +3.5189e+00 +2.0281e+00 -8.9385e-01 -3.5321e-01 +5.2145e-01 +8.6549e-01 -3.9086e+00 +1.0765e+00 +1.1707e+00 +2.6854e+00 -2.8128e+00 -3.2369e-01
18890 +3.444745730e+02 +3.444745730e+02 +3.581145730e+02 +3.581145730e+02 +6.2585e-01 +3.4259e+00 +6.3629e-02 +3.2148e+00 +2.9766e-01 -4.3436e+00 -8.0053e-01 +1.1574e-01 -1.9459e+00 -2.3581e+00 -6.7572e-01 +1.1369e+00 -1.3421e+00 -6.9562e-01 +3.4840e+00 -3.6471e+00 -3.0672e+00 +1.2850e-01 +2.4596e+00 -4.8515e-01
83160 +2.881179915e+02 +2.881179915e+02 +3.017579915e+02 +3.017579915e+02 -1.4004e-01 +3.0217e+00 +1.4584e+00 -8.2988e-01 +2.4233e+00 +2.2485e-01 -2.6330e+00 +2.6485e-01 -1.3387e+00 -1.9613e-01 +5.3044e-01 +2.6311e+00 -1.0368e+00 -3.0887e-01 -1.3048e+00 +2.0186e-02 +1.1348e+00 -9.7531e-01 -6.0256e-01 -2.4578e+00
2700654 +2.792041748e+02 +2.792041748e+02 +2.928441748e+02 +2.928441748e+02 +2.6773e-01 +2.0957e+00 +7.8845e-01 +2.9968e+00 +7.6400e-01 +2.5386e-01 -2.6414e+00 -1.4654e-01 -1.3714e+00 -1.2315e+00 -6.7229e-01 -1.6485e+00 +1.9879e+00 -3.0084e-01 +4.5339e+00 -2.0001e-01 -9.6791e-01 +4.0309e-01 +3.9830e+00 +3.2697e-01
2761628 +2.550667204e+02 +2.550667204e+02 +2.687067204e+02 +2.687067204e+02 -4.5447e+00 +1.0410e+00 +9.1069e-01 +1.1426e+00 +2.8846e-01 -1.3664e+00 -2.2933e-01 -2.1701e+00 -3.8382e+00 -7.1454e-01 -3.2727e+00 +2.0968e+00 -1.6023e+00 -9.1116e-01 +2.4999e+00 -1.5133e+00 -1.7488e+00 +3.2462e-01 +3.6627e-01 +3.6465e+00
55228391 +2.470903460e+02 +2.470903460e+02 +2.607303460e+02 +2.607303460e+02 +1.7416e-01 +2.8978e+00 +8.9151e-01 +3.4192e+00 +2.8830e+00 +1.1304e+00 -2.6884e+00 -4.1465e-01 -2.7888e+00 -1.0073e+00 -1.0581e+00 +1.5958e-01 +2.9460e+00 -3.5345e+00 +2.6710e+00 -5.5794e-01 -2.9437e+00 +9.1538e-01 +2.7523e+00 +1.5006e+00
188182386 +2.351233646e+02 +2.351233646e+02 +2.487633646e+02 +2.487633646e+02 -7.7860e-01 -1.3935e+00 +1.9218e+00 -9.2628e-01 +2.6002e+00 -2.0443e-01 -1.1867e+00 -2.8416e+00 -2.1315e+00 -1.7331e+00 +1.4478e+00 +8.5040e-01 +2.1467e+00 -2.9068e+00 +4.5287e+00 +6.7310e-02 -1.8545e+00 -1.6462e+00 +1.5964e+00 -3.0852e-01
% function evaluation | noise-free fitness - Fopt (1.948000000000e+02) | best noise-free fitness - Fopt | measured fitness | best measured fitness | x1 | x2...
1 +6.901650907e+02 +6.901650907e+02 +8.849650907e+02 +8.849650907e+02 -9.9349e-01 +3.8712e+00 -4.3217e+00 -1.5780e+00 +2.8752e+00 -8.8700e-01 +2.4400e+00 -5.3251e-02 +3.0345e+00 +1.8565e+00 +2.9283e+00 +4.7913e+00 -3.3091e+00 -2.7044e-01 -1.4796e-01 +4.0299e+00 -2.4544e+00 -4.2867e+00 +3.2547e+00 +1.9765e+00
2 +5.801129714e+02 +5.801129714e+02 +7.749129714e+02 +7.749129714e+02 +1.2404e+00 -2.2306e+00 -1.4908e+00 +2.1506e+00 +2.1482e+00 -1.2640e+00 -1.8894e-01 -3.2918e+00 -3.9641e+00 -1.0725e-01 -1.1531e+00 -1.5661e+00 +2.6912e+00 -4.9377e+00 -2.2080e-02 +1.6052e+00 -3.9305e+00 -1.3444e+00 -2.7706e+00 +2.3187e+00
16 +5.292211897e+02 +5.292211897e+02 +7.240211897e+02 +7.240211897e+02 +1.9833e+00 +1.6472e+00 +3.0163e-01 -2.5501e+00 -2.8271e-03 -2.6981e+00 +4.8197e+00 +4.9918e+00 -2.1279e+00 +4.4935e+00 -1.9066e+00 -1.6633e+00 +2.4306e+00 -5.8487e-01 -2.8969e+00 +1.2009e+00 -3.3689e+00 -2.8454e-01 +4.1347e-01 +1.6851e-01
108 +5.114125400e+02 +5.114125400e+02 +7.062125400e+02 +7.062125400e+02 +6.9097e-01 -3.5588e-01 -1.1956e+00 -3.2497e+00 +3.2314e-01 -2.5194e+00 -1.4587e+00 +3.9169e+00 -4.5195e+00 +9.0404e-01 -1.4163e+00 +2.0671e+00 +1.9973e+00 -1.5188e+00 -1.9673e+00 -2.2251e+00 +1.3681e+00 -4.4680e+00 +1.5613e+00 -2.5628e-01
261 +5.004054101e+02 +5.004054101e+02 +6.952054101e+02 +6.952054101e+02 +1.2942e+00 +3.0977e+00 -6.5744e-01 -8.2641e-01 -6.0241e-01 +2.7527e+00 +3.6541e+00 +2.4558e+00 -1.1327e+00 +1.6996e+00 +3.6059e-02 +1.2587e-01 +1.7543e+00 -4.1983e-01 +1.0388e+00 +3.3028e+00 +4.6865e-01 +3.4164e+00 +4.5809e+00 +1.8319e+00
370 +4.847577934e+02 +4.847577934e+02 +6.795577934e+02 +6.795577934e+02 +6.5960e-01 -5.9863e-01 +2.2315e+00 -1.6514e+00 +1.1864e+00 -2.4952e-01 +2.8985e+00 +2.3922e+00 +1.0954e-01 +7.2896e-01 +2.6677e-01 +1.0167e+00 -2.5458e+00 +2.5030e+00 +2.9356e+00 +4.7465e+00 +1.2831e+00 -3.1798e+00 -7.3048e-01 +2.2506e+00
427 +4.720826816e+02 +4.720826816e+02 +6.668826816e+02 +6.668826816e+02 +2.6767e+00 -1.4618e+00 +2.6587e+00 +2.1050e+00 +9.9607e-02 +1.3337e+00 -2.9961e+00 +1.3854e-01 +7.6129e-01 +3.6549e+00 -2.3408e+00 -1.2419e+00 -9.4382e-02 +2.9095e+00 +3.1929e-01 -2.6866e+00 -1.5811e+00 +2.7768e-01 +1.8732e+00 +2.5917e-01
500 +4.502694467e+02 +4.502694467e+02 +6.450694467e+02 +6.450694467e+02 -6.9439e-01 +3.8923e-01 +1.1393e+00 -4.2170e+00 -7.7331e-01 -2.8465e+00 +1.3296e+00 -9.8560e-01 +3.4061e+00 +1.8952e+00 -2.8965e+00 +3.5722e+00 +4.4697e+00 -4.0678e+00 +2.1007e+00 +3.1074e+00 -1.2161e+00 -1.8859e+00 +7.5062e-01 +3.4917e+00
3329 +4.085623926e+02 +4.085623926e+02 +6.033623926e+02 +6.033623926e+02 -3.4989e-01 +7.3701e-01 -3.7617e+00 +1.4749e+00 -1.3642e+00 -5.4674e-01 +1.0023e-02 +2.0877e+00 +2.3016e+00 -1.3051e+00 -2.4219e+00 +9.3757e-01 +3.1979e+00 -2.5998e-01 -1.0412e+00 -1.4402e-01 -3.1898e+00 -3.8322e+00 +2.3509e+00 +2.6672e+00
6514 +3.922265452e+02 +3.922265452e+02 +5.870265452e+02 +5.870265452e+02 -3.0451e+00 +2.2746e+00 +2.9133e+00 -8.0838e-01 -1.7168e+00 -2.1078e+00 +1.8870e+00 -3.1815e+00 -3.9750e+00 -4.4767e+00 +4.2646e-01 -3.5511e+00 +1.6033e+00 -3.1648e+00 +6.9994e-02 -5.7105e-01 -2.0135e+00 -1.0648e+00 +2.6271e+00 +1.8800e-01
9278 +3.789277981e+02 +3.789277981e+02 +5.737277981e+02 +5.737277981e+02 -1.0396e+00 +2.9730e+00 +2.9493e+00 -2.9072e+00 +1.4787e-01 -2.8671e+00 +2.2933e+00 +1.5547e+00 +1.9941e+00 -3.6626e+00 -2.1284e+00 +1.4090e+00 -4.3719e-01 -4.7315e+00 +1.1856e-01 -2.1021e+00 -1.6559e+00 +1.5172e+00 +1.3478e+00 +3.6496e+00
17757 +3.529564800e+02 +3.529564800e+02 +5.477564800e+02 +5.477564800e+02 -4.0344e-01 +1.9883e+00 -6.4237e-01 -3.8411e+00 +1.8081e+00 -2.3731e+00 +3.6964e+00 +6.6400e-01 +1.0881e+00 -2.0677e+00 -1.4199e+00 -2.3989e-01 -1.3884e-01 -2.6521e+00 +2.4072e+00 +3.1740e+00 -2.1320e+00 -4.2835e-01 +1.8994e-01 +2.7985e+00
31526 +3.398428095e+02 +3.398428095e+02 +5.346428095e+02 +5.346428095e+02 +1.9409e+00 -5.8058e-01 -8.2543e-01 -7.2225e-01 -2.0808e+00 +9.0168e-01 -2.1727e+00 +4.0784e-01 +1.5697e+00 +2.0172e+00 -2.7717e+00 -3.5522e+00 +7.1707e-01 +8.5089e-01 +2.8660e+00 -2.5644e+00 -1.4989e+00 +2.5266e+00 +2.3311e-01 -1.8093e+00
167232 +3.226945920e+02 +3.226945920e+02 +5.174945920e+02 +5.174945920e+02 -2.6443e+00 +4.6109e+00 +9.8590e-01 -2.9553e+00 +4.0622e+00 -2.2558e+00 +3.4496e+00 +2.9659e+00 -1.1206e+00 -2.5615e+00 +2.1825e+00 +2.7644e-01 +2.3067e+00 -2.1398e+00 -1.4851e+00 +1.9800e+00 -5.1402e-02 -6.2170e-01 +1.4707e+00 +2.3613e+00
180751 +2.828436566e+02 +2.828436566e+02 +4.776436566e+02 +4.776436566e+02 -1.1551e+00 +2.9818e+00 +1.4944e+00 -7.3470e-01 +1.8137e+00 -2.6971e+00 +9.0182e-01 +3.2965e+00 +6.6149e-01 -2.8473e+00 +6.0990e-01 -8.6044e-02 +2.2333e+00 +1.6982e+00 -4.1437e+00 +2.4307e+00 -4.8820e-01 +7.1613e-01 -7.1951e-02 +1.7875e+00
1186654 +2.696052808e+02 +2.696052808e+02 +4.644052808e+02 +4.644052808e+02 +1.8196e+00 -1.1096e+00 +1.1241e+00 -4.9230e-01 -1.6622e+00 +1.1999e+00 +1.0096e+00 -1.5140e+00 +2.2434e+00 -8.2705e-01 -1.2825e-02 -1.2403e+00 -2.3610e+00 +7.5812e-01 +3.5830e+00 +1.4518e+00 +7.0151e-01 +1.1345e+00 +9.3048e-01 +1.8422e-01
2895210 +2.615870133e+02 +2.615870133e+02 +4.563870133e+02 +4.563870133e+02 +3.9443e+00 -5.1870e-01 -1.4540e+00 +1.5138e+00 +4.5302e-01 +7.9635e-01 -2.1373e-01 -6.0060e-01 +4.2857e-01 +3.4561e+00 +1.1910e+00 -2.4773e+00 -8.7043e-01 +1.6404e+00 +2.2451e+00 -6.2853e-02 +3.7187e+00 +1.3086e+00 -1.6852e+00 +1.1869e+00
19636647 +2.471908749e+02 +2.471908749e+02 +4.419908749e+02 +4.419908749e+02 -3.1136e+00 +2.5321e+00 +2.0700e+00 -1.9366e+00 +3.0009e+00 -2.6285e+00 -6.3028e-02 +2.5555e+00 -6.2884e-01 -4.3872e-01 -5.2106e-02 +5.9291e-01 +5.0591e-01 -2.0538e+00 -1.3411e+00 +1.5734e+00 -1.6509e+00 -1.4071e+00 -1.0729e+00 +1.1127e+00
146651472 +2.316255696e+02 +2.316255696e+02 +4.264255696e+02 +4.264255696e+02 -1.5534e+00 +1.5540e+00 +9.9983e-01 -2.6831e+00 +3.0396e-01 -2.6798e-01 +2.1955e+00 -1.4967e-01 -2.5956e+00 -6.1142e-01 -2.9401e+00 +1.7704e+00 -1.7670e+00 -4.1598e+00 +2.0436e-01 -1.4177e-01 -5.2881e-01 -2.9930e+00 +2.1283e-01 -1.8790e-01
% function evaluation | noise-free fitness - Fopt (-1.335900000000e+02) | best noise-free fitness - Fopt | measured fitness | best measured fitness | x1 | x2...
1 +9.057771879e+02 +9.057771879e+02 +7.721871879e+02 +7.721871879e+02 +2.5404e+00 +4.6339e+00 +3.5705e+00 -1.8971e+00 -7.3061e-01 +3.2370e+00 +3.3847e+00 -2.9949e+00 -6.8769e-01 -2.8960e+00 -1.0806e+00 +4.9299e+00 +2.9300e+00 +2.4129e+00 -4.3344e+00 +1.9022e-01 +6.5412e-02 +4.6581e+00 +3.8591e+00 -1.6025e+00
2 +7.880182848e+02 +7.880182848e+02 +6.544282848e+02 +6.544282848e+02 +1.0584e+00 -2.8303e+00 -2.9807e-02 -1.1017e+00 +3.7986e+00 +1.6524e+00 +4.8706e-01 +3.3530e+00 +2.8261e+00 +4.5831e+00 -2.8057e+00 +2.9023e+00 +2.9994e+00 -6.7872e-01 +4.0593e+00 -2.5955e+00 -2.5786e-02 +2.8482e-02 -1.2802e+00 -3.1239e+00
5 +7.661450969e+02 +7.661450969e+02 +6.325550969e+02 +6.325550969e+02 -4.2802e+00 -4.1912e+00 -4.8170e+00 -3.9674e+00 +3.6127e+00 +1.5486e-01 +1.2117e+00 +1.0038e+00 -2.4225e+00 -3.9471e+00 +4.2318e+00 -1.1286e+00 +4.6248e+00 +1.7751e+00 -2.5299e+00 -5.7265e-01 +3.0533e+00 -4.5666e+00 -2.9732e+00 -1.6880e+00
6 +5.702936048e+02 +5.702936048e+02 +4.367036048e+02 +4.367036048e+02 -3.8444e+00 +8.4570e-01 +2.8222e+00 +2.0224e+00 -8.6480e-01 +1.3262e+00 -4.0140e+00 +1.7283e+00 -1.8792e+00 -4.5180e+00 +2.5982e+00 +1.8445e+00 -3.5954e+00 +2.4597e+00 +9.6718e-02 +1.5802e+00 +1.6966e+00 +2.7325e+00 -2.5531e+00 -2.9368e+00
76 +5.114417957e+02 +5.114417957e+02 +3.778517957e+02 +3.778517957e+02 -1.8196e+00 -4.3338e+00 +1.4816e+00 +1.4271e+00 +2.6690e+00 +1.3006e+00 -2.7487e-02 +8.2283e-01 -4.5961e+00 -4.2754e+00 +5.9275e-01 -4.1192e+00 -3.0191e+00 +2.1805e+00 -3.4938e+00 +3.0169e+00 -4.8107e-01 +3.2754e+00 -2.3506e+00 -4.7726e-01
77 +4.540006709e+02 +4.540006709e+02 +3.204106709e+02 +3.204106709e+02 -2.1138e+00 +2.9933e+00 +8.6535e-01 +1.4444e+00 -8.6476e-01 -3.0156e+00 -3.4005e+00 +1.2185e+00 -5.9767e-01 -1.3446e+00 +2.6675e+00 -2.2314e+00 +3.1461e+00 +4.1431e+00 -2.5980e+00 +7.1145e-01 +1.4468e+00 +1.4430e+00 -1.3441e+00 -3.7855e-02
294 +4.354842501e+02 +4.354842501e+02 +3.018942501e+02 +3.018942501e+02 +4.7655e+00 +8.5243e-01 +6.9766e-01 -1.7398e+00 +8.2061e-01 -1.8638e+00 +2.1631e+00 -1.2242e+00 +6.6575e-01 -4.7680e-02 +1.6628e+00 +6.9904e-01 -3.5624e+00 +1.5917e+00 +2.3254e-01 -2.3214e+00 +1.1841e+00 -2.5805e+00 -3.4576e-01 +1.7709e+00
1608 +4.080166857e+02 +4.080166857e+02 +2.744266857e+02 +2.744266857e+02 +7.6089e-01 +1.0456e+00 +9.2682e-01 -2.4047e+00 -1.7136e+00 +1.1254e+00 +2.9378e+00 +1.6206e+00 +4.1957e-01 +1.6028e+00 -6.3613e-01 -2.7034e+00 -2.1377e+00 -5.2701e-01 +6.5013e-01 -2.6605e-01 +2.2404e+00 -1.7856e+00 +1.3572e+00 -2.8674e-01
4790 +3.665034954e+02 +3.665034954e+02 +2.329134954e+02 +2.329134954e+02 -3.0101e+00 -2.9373e+00 -5.8014e-01 +7.1453e-01 +1.2593e+00 +1.4784e+00 -2.5728e+00 +3.0257e+00 -2.3690e-01 -1.3304e+00 -7.8747e-01 +1.3392e-01 +4.2912e-01 +1.6212e-01 +1.4710e+00 +2.3992e+00 +1.1551e+00 -1.7563e-02 +1.5002e+00 -2.1469e+00
6330 +3.627445595e+02 +3.627445595e+02 +2.291545595e+02 +2.291545595e+02 +3.4276e+00 -4.3095e-01 -2.7966e+00 -2.9252e+00 -1.1335e+00 +3.4031e+00 +1.6490e+00 -2.8337e+00 +8.4692e-01 -1.6458e+00 -2.9888e-01 -9.3217e-01 -1.4638e+00 +3.5022e-01 +2.0870e-01 -2.5643e+00 +2.7750e+00 -1.3387e-01 +1.7074e+00 +2.9788e+00
9565 +3.319976229e+02 +3.319976229e+02 +1.984076229e+02 +1.984076229e+02 +2.3101e+00 +9.0078e-01 -3.4837e+00 -3.2944e+00 +3.4809e-01 +7.8197e-01 +2.5607e+00 -1.0757e+00 +3.2621e+00 -1.9121e+00 -6.9441e-01 +1.9270e+00 -2.5324e+00 -2.9090e+00 +1.9520e-02 -3.6620e+00 +6.7418e-01 +1.7843e+00 +2.1943e+00 +2.5484e+00
223698 +3.188225764e+02 +3.188225764e+02 +1.852325764e+02 +1.852325764e+02 -1.2819e-01 -4.4994e-01 -1.7140e+00 +8.3634e-01 +1.4036e+00 -1.2748e+00 -6.0418e-02 +6.2702e-01 -2.2227e+00 -1.2311e+00 +2.5061e+00 -4.6854e+00 +9.5507e-01 -2.9051e-02 -1.0647e+00 +3.4595e+00 +3.8874e-02 +5.4798e-02 -1.1202e+00 -1.7349e+00
394787 +3.141974858e+02 +3.141974858e+02 +1.806074858e+02 +1.806074858e+02 +1.1885e+00 +1.8686e+00 -1.7994e+00 -2.9339e+00 +2.0676e+00 +9.6580e-01 +2.0383e+00 -2.4186e+00 +2.0041e+00 +2.0693e+00 -6.0153e-01 -1.0676e+00 -1.1646e-01 -9.0272e-01 -1.7747e+00 -2.5459e+00 +1.0127e+00 +3.2420e+00 +9.2316e-01 +3.7263e+00
761654 +3.086436363e+02 +3.086436363e+02 +1.750536363e+02 +1.750536363e+02 -5.5750e-01 -4.6730e+00 -5.0790e-01 +1.6405e+00 +3.8069e+00 +1.3843e+00 -8.4917e-01 +1.8667e+00 -2.0902e+00 -1.5967e+00 +6.8265e-02 -5.9398e-01 -6.4103e-01 +3.8029e-01 -3.1313e-02 +1.7637e+00 -2.1063e+00 -2.6493e+00 +1.5334e+00 -1.6668e+00
807787 +2.798418771e+02 +2.798418771e+02 +1.462518771e+02 +1.462518771e+02 -2.6893e+00 +1.0702e+00 -1.4739e+00 +1.0563e+00 +2.1128e+00 -7.5298e-01 -2.2209e+00 +4.4417e+00 -4.5053e-01 -2.6807e+00 +6.8652e-01 -2.0506e+00 +7.8828e-01 +8.0929e-02 -1.6043e+00 +1.7017e-01 +2.1759e-01 -1.3267e+00 +1.2938e-01 -1.0928e+00
5979401 +2.602171782e+02 +2.602171782e+02 +1.266271782e+02 +1.266271782e+02 -3.4744e+00 -7.6956e-01 +1.1301e+00 +1.1430e-01 +1.5416e-01 -1.8624e+00 -1.7331e+00 +2.3165e+00 +9.8699e-01 -1.6411e+00 -6.7421e-01 -3.0602e+00 +3.4703e+00 -1.4466e+00 -3.0228e+00 +3.1050e+00 -1.6608e+00 -1.4092e+00 -2.7130e+00 -2.7264e+00
27156294 +2.476005643e+02 +2.476005643e+02 +1.140105643e+02 +1.140105643e+02 +1.1895e+00 -2.5336e+00 -5.1053e-02 +2.9225e-01 +1.7194e+00 +2.1669e-01 -1.3526e+00 -9.2679e-02 -2.5239e+00 -1.9666e-01 -6.5597e-01 -1.2130e+00 +2.4748e+00 -3.0853e-01 -3.9588e-01 +3.0278e+00 -1.6207e+00 -1.1241e+00 -2.3556e+00 -1.1964e+00
30287120 +2.365653220e+02 +2.365653220e+02 +1.029753220e+02 +1.029753220e+02 -2.2109e+00 -1.2113e+00 +1.9486e-01 +6.1769e-01 +2.5896e+00 -9.6174e-01 -1.3359e+00 +1.8401e+00 -6.2041e-01 -1.1847e+00 +2.7405e+00 -2.3087e+00 -7.9110e-01 +1.7686e+00 +2.9249e-01 -5.8864e-01 -2.5286e+00 -2.0846e-01 -3.3453e-01 +1.9464e-01
% function evaluation | noise-free fitness - Fopt (1.198100000000e+02) | best noise-free fitness - Fopt | measured fitness | best measured fitness | x1 | x2...
1 +7.177169939e+02 +7.177169939e+02 +8.375269939e+02 +8.375269939e+02 -3.1241e+00 +4.0838e+00 -3.1346e+00 +3.1906e+00 +1.6452e+00 +1.1661e+00 +3.0024e+00 -7.2835e-02 -2.9833e+00 -2.6908e+00 -1.5697e+00 +1.7718e+00 -3.1264e+00 -5.5714e-01 -9.8138e-01 +4.7150e+00 +4.2919e+00 +3.6855e+00 -2.8361e+00 -3.0503e+00
5 +5.902219668e+02 +5.902219668e+02 +7.100319668e+02 +7.100319668e+02 +3.0096e+00 -5.0845e-01 +1.7089e+00 +1.9731e+00 +3.9355e+00 +1.0577e+00 +2.0198e+00 +2.6159e-02 +1.3541e+00 +3.6513e+00 -4.1641e+00 -2.9322e+00 +5.8401e-01 +1.1210e+00 -4.9992e+00 -1.2286e+00 +2.0674e+00 -2.5664e+00 -1.9119e+00 -2.9717e+00
64 +5.397693439e+02 +5.397693439e+02 +6.595793439e+02 +6.595793439e+02 -4.4839e+00 -8.7066e-01 -1.2307e+00 +2.3103e-01 +3.3796e+00 -6.9958e-01 -2.2278e+00 -2.2256e+00 +6.4693e-01 +1.9775e-01 -7.6408e-02 +1.8693e-01 +1.8446e+00 -2.4125e+00 +1.8751e+00 -4.9030e-01 -1.0431e+00 +4.4760e+00 -3.2157e+00 +4.3900e-01
92 +4.769065479e+02 +4.769065479e+02 +5.967165479e+02 +5.967165479e+02 -1.0372e+00 -4.4837e+00 +1.0301e+00 +9.9017e-01 +2.0792e+00 -2.8050e+00 +2.8051e-01 +6.3823e-01 +2.6210e-01 -2.8602e+00 -4.7280e-01 -2.1239e+00 +2.3422e+00 +9.9331e-01 +2.6480e-01 +3.4392e-01 +2.1732e+00 -2.3522e+00 -4.1804e+00 +4.4898e+00
293 +4.663535826e+02 +4.663535826e+02 +5.861635826e+02 +5.861635826e+02 +3.6801e+00 -3.6234e+00 +1.0527e+00 +4.9599e+00 +2.1786e+00 -1.4862e+00 +2.5559e-04 +3.0582e+00 +9.3220e-01 +1.0928e+00 -2.7280e+00 -4.8320e-01 +1.0467e+00 -1.1398e+00 -3.7556e+00 -1.7949e-02 +2.8881e+00 +2.6511e+00 +7.7441e-01 -1.4961e-01
1503 +4.207398140e+02 +4.207398140e+02 +5.405498140e+02 +5.405498140e+02 -1.1397e+00 -2.0678e-01 -2.1288e+00 -2.8484e-02 +2.6025e+00 -4.3257e-01 +5.6888e-01 +6.9640e-01 -7.9824e-01 +2.1366e+00 -4.8681e+00 -3.6156e+00 -6.1539e-01 +4.8076e+00 -3.1795e+00 +4.1687e+00 -1.8125e+00 +5.3377e-02 -8.9398e-01 +8.7308e-01
6037 +3.837642699e+02 +3.837642699e+02 +5.035742699e+02 +5.035742699e+02 -1.3276e+00 -3.8181e+00 +1.5873e+00 +1.8595e+00 -2.2943e+00 -2.7910e+00 +3.3787e+00 +7.5967e-01 -1.6125e+00 +8.9821e-01 -1.7767e+00 -2.8342e+00 +3.8709e+00 -1.2801e+00 -2.6403e+00 +1.3582e+00 +2.2824e+00 +2.0307e+00 -1.0771e+00 +2.7003e+00
23971 +3.545959908e+02 +3.545959908e+02 +4.744059908e+02 +4.744059908e+02 -1.2682e+00 -3.0091e+00 +2.5453e+00 +1.5037e+00 -1.6679e-01 -2.3143e+00 +1.2061e+00 +2.5700e+00 +1.4776e+00 +2.4321e+00 +1.9013e+00 -4.7587e-01 -1.5733e+00 +1.3528e+00 -3.9870e+00 +1.4950e+00 -6.8537e-01 +1.0325e+00 -1.2654e+00 -2.8212e+00
53642 +3.310444193e+02 +3.310444193e+02 +4.508544193e+02 +4.508544193e+02 -3.8797e+00 -2.2271e+00 +2.1110e+00 -2.1637e-01 +1.8075e+00 -6.3669e-01 +2.0032e+00 -1.1840e+00 +2.6749e+00 -1.6677e+00 +5.6906e-01 -3.8386e+00 -1.1697e+00 +2.8794e+00 -1.9330e+00 +3.1027e+00 -7.0394e-01 -6.8148e-01 -2.3811e+00 +3.0568e+00
57072 +3.046184071e+02 +3.046184071e+02 +4.244284071e+02 +4.244284071e+02 -2.2120e+00 -9.5970e-01 +2.2806e+00 +2.8281e+00 +3.6110e+00 -1.5670e+00 +1.4699e+00 -5.8100e-01 +3.1192e+00 +1.0829e+00 -2.8623e+00 -1.2955e+00 -7.3810e-01 +2.3109e-01 -3.2877e+00 +2.8323e+00 +1.0612e+00 -2.2940e+00 -2.7161e+00 +9.4251e-01
189309 +2.868734204e+02 +2.868734204e+02 +4.066834204e+02 +4.066834204e+02 +1.9114e+00 +2.9169e-02 -3.3545e+00 -2.0645e+00 -4.5948e-01 +1.9375e+00 -3.2223e+00 -1.8719e+00 -1.5956e-01 -1.8011e+00 -2.6656e-01 +3.4600e+00 +2.6453e+00 -1.5314e+00 +1.6075e+00 +7.1165e-02 -2.2969e+00 -4.2455e+00 -5.2274e-01 -1.7410e+00
2033749 +2.680729924e+02 +2.680729924e+02 +3.878829924e+02 +3.878829924e+02 -3.5642e+00 -2.3119e+00 +3.2998e-01 +2.5810e+00 +2.4895e+00 -8.6172e-03 +2.5967e-01 +3.2827e+00 +1.9967e+00 +6.7641e-01 -1.6849e+00 -1.9626e+00 -1.5494e+00 +1.3486e-01 +1.0917e-01 -9.4286e-01 +1.5920e+00 -1.3094e+00 +1.0320e-02 +2.3150e-02
15182289 +2.318024050e+02 +2.318024050e+02 +3.516124050e+02 +3.516124050e+02 -1.9428e-01 -1.9585e+00 +3.4333e+00 +3.0153e+00 +3.5003e+00 -4.7069e-01 +1.8955e+00 +2.1948e+00 +1.0515e+00 +6.6378e-01 -1.9161e+00 -7.9143e-01 +2.4624e+00 +3.1716e+00 -1.1641e+00 +1.8291e+00 +2.0209e+00 +9.6626e-01 -7.2364e-01 +8.0927e-01
% function evaluation | noise-free fitness - Fopt (-1.224900000000e+02) | best noise-free fitness - Fopt | measured fitness | best measured fitness | x1 | x2...
1 +4.662846258e+02 +4.662846258e+02 +3.437946258e+02 +3.437946258e+02 -2.8286e+00 +5.1576e-01 +5.4042e-01 -2.5707e+00 +1.5011e+00 -1.9636e+00 -4.5881e+00 -1.2803e+00 +4.0566e+00 +5.5208e-01 -1.5913e+00 +2.6809e+00 +1.1787e-01 -1.6400e+00 +1.3689e+00 -3.0153e+00 -3.2294e+00 +8.6249e-01 +3.3844e+00 -2.2912e-01
570 +3.950141789e+02 +3.950141789e+02 +2.725241789e+02 +2.725241789e+02 +9.9103e-01 -1.3284e+00 -3.0439e+00 +2.1470e+00 -8.2710e-01 +2.1346e+00 -6.7555e-01 -3.4516e+00 -3.7487e-02 +2.7886e+00 -5.3171e-01 -1.0787e-01 +5.3232e-01 +3.1685e+00 -5.6945e-01 -2.8589e+00 +1.6002e+00 -1.0491e+00 -3.2207e+00 -5.7363e-01
1883 +3.702899192e+02 +3.702899192e+02 +2.477999192e+02 +2.477999192e+02 +1.9267e+00 -1.8672e+00 -2.5238e+00 +1.5240e+00 +1.3148e+00 +3.2592e+00 -5.4076e-01 -2.1366e+00 +1.0035e+00 +3.7937e+00 +1.1069e+00 +3.0713e+00 -1.2618e+00 -9.7727e-01 -4.7380e-01 +2.8933e+00 +1.8618e+00 -1.2107e+00 -3.0674e+00 -2.2007e+00
8586 +3.408591125e+02 +3.408591125e+02 +2.183691125e+02 +2.183691125e+02 -8.1679e-01 +2.8584e+00 +2.7068e+00 +3.6382e+00 -3.8672e+00 +1.5036e+00 +1.4368e+00 +1.5890e-01 -1.3078e+00 +5.3706e-01 -1.4232e+00 -1.4230e-01 -5.3375e-01 +2.2051e+00 -1.4297e+00 +2.3497e+00 +2.9162e+00 -4.8641e-01 -2.8215e+00 -5.3587e-01
105503 +3.270414093e+02 +3.270414093e+02 +2.045514093e+02 +2.045514093e+02 +4.7211e+00 -1.2044e+00 +1.0110e+00 +2.8394e+00 -1.4690e-01 +4.8543e-01 +5.1241e-01 -3.7380e+00 -1.0039e+00 +2.2976e+00 +5.9520e-01 -2.5289e-01 -4.3502e-01 +9.4751e-01 -1.5472e+00 +2.0164e+00 +4.6907e-01 -2.1772e+00 +2.2597e+00 -4.0102e+00
120190 +3.153482055e+02 +3.153482055e+02 +1.928582055e+02 +1.928582055e+02 -8.8974e-01 +4.3186e-01 +1.9367e+00 -5.8541e-01 +2.7155e+00 -7.4057e-01 -1.9390e+00 +2.5117e+00 +3.6408e+00 -3.6640e+00 -2.0453e-01 -1.1815e+00 +1.5305e-01 -1.7058e+00 -3.9743e+00 -9.6407e-01 +2.5005e+00 +1.3725e+00 +3.7659e-01 +4.0656e-01
337538 +3.079603791e+02 +3.079603791e+02 +1.854703791e+02 +1.854703791e+02 +4.9607e-01 -2.8771e+00 +6.4199e-01 +1.3487e+00 -2.8357e-01 +2.5955e+00 +3.1688e+00 -2.3473e+00 +5.6940e-01 +2.1438e+00 +1.7403e+00 -5.8538e-01 +2.5022e+00 +8.5600e-01 +2.5992e+00 +2.5857e+00 -6.5931e-01 -3.6736e-01 -2.3935e+00 +1.1681e-01
339465 +3.006604960e+02 +3.006604960e+02 +1.781704960e+02 +1.781704960e+02 +1.3007e+00 +2.0522e+00 -1.1881e+00 -2.5250e+00 +1.5765e+00 -2.9211e+00 -2.8744e+00 +1.7263e+00 +3.2157e-01 -2.9806e+00 -7.0850e-01 +1.5235e-01 +3.2506e-01 -4.1230e+00 -9.8422e-01 -1.5832e+00 -1.7783e+00 +2.7028e+00 +2.9920e+00 +2.1019e+00
4039774 +2.906888396e+02 +2.906888396e+02 +1.681988396e+02 +1.681988396e+02 +1.5102e+00 -2.2157e-01 +1.0138e+00 +1.6244e+00 -9.7288e-01 +1.4512e+00 +3.1820e+00 +1.0511e+00 +1.5678e-01 +2.4910e+00 -6.2484e-01 -9.2584e-01 -1.9126e+00 -5.2558e-01 +2.0232e+00 +6.7547e-01 +5.6348e-01 -4.8902e-01 -2.0005e+00 -1.2994e+00
5644971 +2.858455548e+02 +2.858455548e+02 +1.633555548e+02 +1.633555548e+02 -3.0122e+00 +3.0590e+00 -3.0303e-01 +5.4594e-01 +1.0449e+00 -1.1526e+00 -7.5502e-02 +4.6233e+00 +7.0834e-01 -9.7948e-01 -4.6050e-01 -2.2876e+00 -2.9863e+00 -3.4064e-01 -8.0042e-01 +1.8476e-01 -1.0293e+00 +1.8460e+00 +1.9069e+00 -5.9409e-01
7472801 +2.737740262e+02 +2.737740262e+02 +1.512840262e+02 +1.512840262e+02 +7.4044e-01 +1.7820e+00 -5.7886e-01 +7.1472e-01 -3.2482e-01 +1.2951e+00 -1.1165e+00 -2.0779e-01 -3.3279e+00 +1.6916e-01 +2.6295e-01 +1.5892e+00 +2.4509e+00 +2.0041e+00 +1.9044e+00 -8.5698e-01 +3.2079e-01 -2.1266e+00 -2.0984e+00 -2.8580e+00
25487898 +2.597286394e+02 +2.597286394e+02 +1.372386394e+02 +1.372386394e+02 +4.3756e+00 -1.1198e+00 +2.9000e+00 -5.1553e-02 -1.5809e+00 +3.1786e+00 +3.4667e+00 -1.3201e+00 -1.0507e+00 +1.2141e+00 +1.3709e+00 +2.7881e-01 +1.7487e+00 +7.4813e-01 +2.4863e+00 +1.0730e+00 +2.0479e+00 +4.8776e-01 -2.4597e+00 -9.7160e-01
54542489 +2.569910116e+02 +2.569910116e+02 +1.345010116e+02 +1.345010116e+02 -1.4436e+00 +2.0605e+00 -1.7875e-01 -1.0543e+00 +1.6988e+00 -1.2441e+00 -3.0850e+00 +5.8873e-01 +3.4613e-01 -7.0753e-01 +2.0774e-02 +1.3573e+00 -4.4119e+00 +1.6072e-01 -1.0909e+00 -9.7235e-01 -1.7234e+00 -1.3143e-01 +2.5362e+00 +1.4982e+00
82033259 +2.470885542e+02 +2.470885542e+02 +1.245985542e+02 +1.245985542e+02 +1.9765e+00 -2.5402e+00 +1.7777e+00 +3.3272e+00 -3.0255e+00 +1.0617e+00 -6.3189e-01 -4.3295e+00 -2.7135e+00 +1.7554e+00 +3.7247e+00 +1.6587e+00 +4.9935e-01 +1.9388e+00 +1.7956e-01 +3.3417e+00 +2.3239e-01 +2.6271e-01 -2.1465e+00 +1.0451e-01
195538622 +2.453202298e+02 +2.453202298e+02 +1.228302298e+02 +1.228302298e+02 +6.1873e-01 -7.5866e-01 +1.2969e+00 +1.1204e+00 -4.0119e-02 +6.0402e-01 +2.3241e+00 -1.8715e+00 -2.1502e+00 +4.2966e-01 +3.5710e-01 +1.1130e-01 +1.1792e+00 +2.5365e+00 +1.6988e+00 -8.3705e-01 +3.7561e+00 -4.4058e-01 -3.6978e+00 -1.5474e+00
% function evaluation | noise-free fitness - Fopt (1.829000000000e+01) | best noise-free fitness - Fopt | measured fitness | best measured fitness | x1 | x2...
1 +8.683660935e+02 +8.683660935e+02 +8.866560935e+02 +8.866560935e+02 +3.3325e-01 -3.6257e+00 +2.1310e+00 +7.0077e-01 +2.6709e+00 +2.7346e+00 +1.0306e+00 +4.1520e+00 +3.7921e+00 +5.4889e-01 +1.1865e-01 +2.2568e+00 +2.3293e-01 +4.2083e+00 -4.4313e+00 +2.9427e+00 -3.3341e+00 +3.1748e+00 -1.5932e+00 +2.1648e+00
2 +7.065667105e+02 +7.065667105e+02 +7.248567105e+02 +7.248567105e+02 +3.3981e+00 +1.5822e+00 +7.6202e-01 -1.0273e+00 -3.7049e+00 +3.8478e+00 +4.0247e+00 -1.4207e+00 -1.6961e+00 +2.8585e+00 -2.4705e+00 +2.4608e+00 +1.5998e+00 -4.6347e-02 +4.1090e+00 -3.0278e+00 +2.6129e+00 -2.6436e+00 -6.7952e-01 +5.4605e-01
6 +5.515872406e+02 +5.515872406e+02 +5.698772406e+02 +5.698772406e+02 -4.5922e+00 +4.4415e+00 +1.7609e+00 -4.7459e-01 -1.1547e+00 +1.1136e+00 -1.3549e+00 -2.6424e+00 -1.8723e+00 -2.4088e+00 -1.7411e+00 +8.0802e-01 +4.1790e+00 +4.7592e-02 +2.3384e+00 +1.4841e-01 -7.8447e-02 +4.2373e+00 +3.1755e-01 -1.4129e+00
51 +5.258050654e+02 +5.258050654e+02 +5.440950654e+02 +5.440950654e+02 -6.0981e-01 +8.0671e-01 -2.7533e+00 -3.0785e+00 +1.6217e+00 +7.3037e-01 +2.2691e+00 +9.7987e-01 -1.3725e+00 +1.4070e+00 +2.7372e+00 -1.9570e+00 -1.4207e+00 -7.4033e-01 -2.4009e+00 +1.3015e+00 +4.5975e+00 +4.3617e+00 -2.3743e+00 -3.5093e+00
72 +3.934384463e+02 +3.934384463e+02 +4.117284463e+02 +4.117284463e+02 -2.3166e-01 -1.2300e+00 +5.5207e-01 -4.1723e+00 +5.7149e-01 -4.3534e-01 -5.4802e-01 -4.1714e+00 -1.7714e+00 +4.0289e-01 -1.5511e+00 -3.8721e+00 -6.8982e-01 +9.0404e-01 -1.0830e+00 -2.2272e+00 +1.2917e+00 +2.6961e+00 -5.7684e-01 -8.6267e-01
14168 +3.869789597e+02 +3.869789597e+02 +4.052689597e+02 +4.052689597e+02 -3.6890e-01 -1.1833e+00 +1.2868e+00 -1.2144e-01 -1.8901e+00 +3.3461e+00 -3.2711e+00 -1.0234e+00 -4.4436e+00 +1.1141e+00 +1.0276e+00 -8.3336e-01 -2.1786e+00 +1.6818e+00 -1.5031e-01 +1.5074e+00 +1.7715e+00 -3.5355e+00 +6.6632e-01 -3.1558e+00
37118 +3.702047217e+02 +3.702047217e+02 +3.884947217e+02 +3.884947217e+02 -1.2581e+00 +5.9912e-01 +1.5074e+00 -4.2180e+00 -1.5723e+00 +4.5369e-01 -1.1336e+00 +5.6292e-02 +2.7684e+00 -1.1936e+00 -1.9335e+00 -6.0267e-01 -2.1415e+00 +1.6425e+00 -1.0804e+00 -1.2244e-01 -8.7966e-01 +4.9191e-01 -3.5086e+00 -1.4955e-01
102595 +3.414536565e+02 +3.414536565e+02 +3.597436565e+02 +3.597436565e+02 -4.8513e+00 +8.9464e-01 +4.1346e+00 -1.7148e+00 +1.6750e+00 +5.3375e-01 +1.2780e+00 -1.3440e+00 -2.1686e-01 +1.5622e+00 +1.2242e+00 +1.2006e-01 +1.7243e+00 +2.2573e+00 +2.2929e+00 +1.6684e+00 +6.2536e-01 +1.4532e+00 -1.2183e+00 -2.2677e+00
129064 +3.249025186e+02 +3.249025186e+02 +3.431925186e+02 +3.431925186e+02 -1.0340e+00 +1.7748e+00 +2.7937e+00 +4.5766e-02 -1.4828e+00 +8.5980e-01 +7.5826e-01 -1.6814e+00 -3.7409e+00 +2.5513e-01 +1.6046e+00 -1.6722e+00 +7.5001e-01 -4.2054e-01 +2.0053e+00 -1.2315e+00 -9.9922e-01 -7.5379e-01 -1.7234e-02 -3.6863e+00
173727 +3.034464057e+02 +3.034464057e+02 +3.217364057e+02 +3.217364057e+02 -1.8119e+00 +2.6649e+00 -1.4781e-01 -1.3938e+00 -4.2315e-01 +2.3588e+00 -2.2294e+00 -3.5257e+00 -6.7593e-01 +3.3888e+00 +1.4814e+00 +1.3488e+00 -8.8204e-01 +8.7096e-01 +2.5647e+00 -1.8857e+00 +1.2894e+00 +6.0757e-01 -7.6173e-01 -3.8597e+00
1741404 +2.893944144e+02 +2.893944144e+02 +3.076844144e+02 +3.076844144e+02 -2.1711e+00 +3.2222e+00 +1.2927e-01 -1.5604e+00 -1.2890e+00 +2.4175e+00 -2.8413e+00 +1.0137e+00 +1.1778e+00 +7.2458e-01 +1.3154e+00 -1.1156e+00 -1.0660e+00 +3.5268e+00 +4.2395e+00 +2.8242e+00 +1.6528e+00 +2.3347e+00 -2.8200e+00 -1.8270e+00
1952786 +2.844244074e+02 +2.844244074e+02 +3.027144074e+02 +3.027144074e+02 +2.6306e+00 -7.9062e-01 +1.3314e-01 -8.4065e-01 +1.2936e+00 -5.6312e-01 +3.6022e+00 +1.5966e+00 +2.3318e+00 +2.4002e-01 -3.0957e+00 +3.0839e+00 +2.3337e+00 -2.3958e+00 +4.9404e-02 -5.9761e-01 -9.6809e-01 -7.1463e-01 +2.8914e+00 +2.4518e+00
8720312 +2.336402614e+02 +2.336402614e+02 +2.519302614e+02 +2.519302614e+02 +7.7753e-01 -5.4272e-01 +3.0598e-01 -4.9750e-01 +2.4905e+00 -4.7456e-01 +1.9060e+00 +1.8313e+00 +1.4908e+00 -2.2391e+00 -1.1982e+00 +3.9028e-01 +3.2348e+00 -1.5024e+00 -1.9116e+00 -1.8906e+00 +7.8678e-01 -1.5260e+00 +5.4655e-01 +4.1922e+00
% function evaluation | noise-free fitness - Fopt (-1.635000000000e+01) | best noise-free fitness - Fopt | measured fitness | best measured fitness | x1 | x2...
1 +7.514236931e+02 +7.514236931e+02 +7.350736931e+02 +7.350736931e+02 -1.6373e+00 -1.6991e+00 -7.5709e-01 -4.2568e+00 +4.3057e-01 +2.4315e+00 +1.1169e+00 -1.2467e+00 +1.6247e+00 +1.9695e+00 +4.0232e+00 -4.8426e+00 -2.5568e+00 -1.8931e+00 -3.9006e+00 +2.1050e+00 -3.4323e+00 +4.8139e+00 +4.1829e+00 +4.8610e-01
15 +5.083582135e+02 +5.083582135e+02 +4.920082135e+02 +4.920082135e+02 -3.0816e+00 -3.4884e+00 +1.5927e+00 +2.9290e+00 +1.2476e+00 +1.9719e+00 -4.7610e-01 +1.2983e+00 +2.4669e+00 -1.9701e+00 +1.3716e+00 +5.7890e-02 -1.9045e+00 -2.4949e+00 +3.9958e+00 +2.0426e+00 -1.3327e+00 -1.9494e+00 +5.9520e-01 -2.4705e+00
76 +4.589871506e+02 +4.589871506e+02 +4.426371506e+02 +4.426371506e+02 -9.2107e-01 -4.5612e+00 -2.3706e+00 +2.9454e+00 +9.4311e-01 +1.7078e+00 +1.7891e+00 +5.7060e-01 +3.7573e+00 -2.5125e+00 -2.8923e+00 -3.0135e+00 +2.5048e+00 -1.3928e+00 +2.6959e-01 -1.1091e+00 -1.8203e-01 -8.0688e-01 +2.4147e+00 +1.6875e+00
737 +3.744158954e+02 +3.744158954e+02 +3.580658954e+02 +3.580658954e+02 +1.3250e+00 +1.3949e+00 -2.2129e+00 +3.4714e+00 -1.6645e+00 +1.0768e+00 +1.2334e+00 -4.1983e+00 +2.9189e+00 -1.5235e+00 -2.0101e+00 -2.2039e+00 -8.0903e-01 +9.6130e-01 -8.9384e-01 -1.1407e-01 -1.1521e+00 +2.8266e+00 -1.2370e+00 +1.6529e-01
19222 +3.587373472e+02 +3.587373472e+02 +3.423873472e+02 +3.423873472e+02 -9.6747e-01 -7.7130e-01 -2.4837e+00 +3.6776e+00 +3.5948e+00 +3.5813e+00 +3.3336e+00 +1.9394e+00 +3.6639e+00 -9.5037e-01 -1.4558e+00 +3.9968e-01 -2.2745e+00 -1.4057e+00 -3.8213e+00 -3.6773e+00 -3.1935e-01 -3.7095e-01 -2.1859e+00 -1.9424e+00
24806 +3.459864550e+02 +3.459864550e+02 +3.296364550e+02 +3.296364550e+02 +1.8812e-01 -1.0321e+00 -1.3659e+00 -8.4033e-01 +3.2370e+00 +1.2885e+00 +1.7867e-02 -2.8684e+00 -1.4226e+00 -3.4286e+00 -3.3852e+00 -6.7671e-01 -1.1522e+00 +3.1788e-01 +1.8193e+00 -2.0375e+00 -2.1939e-01 -1.7391e+00 -1.9731e+00 -1.1675e-02
33090 +3.277618830e+02 +3.277618830e+02 +3.114118830e+02 +3.114118830e+02 +4.4754e-01 -4.3344e-01 -4.8413e-01 +1.7159e+00 +3.8577e+00 +2.5347e+00 -1.3216e+00 -2.6064e+00 +3.8717e+00 -3.1838e+00 -4.6549e+00 -1.1264e+00 -1.2090e+00 -2.1060e+00 -7.8474e-01 -2.5362e+00 -3.2157e+00 -2.2432e+00 -1.7705e-01 -2.1781e+00
137460 +2.954900233e+02 +2.954900233e+02 +2.791400233e+02 +2.791400233e+02 +4.8959e+00 +1.1555e-01 -1.6611e+00 +1.4922e+00 -2.8199e-01 -6.3407e-02 -1.9142e+00 -1.1057e+00 +1.4712e+00 +3.4630e-01 +8.7343e-01 -1.0368e+00 -7.1470e-01 -6.5499e-01 -1.6924e+00 -2.3145e+00 +8.9177e-01 -3.5737e+00 +6.7677e-01 -1.7029e+00
1057125 +2.788319496e+02 +2.788319496e+02 +2.624819496e+02 +2.624819496e+02 -8.8081e-02 -1.7158e+00 -1.4445e+00 +1.5489e-01 +4.4907e-01 +2.0770e+00 +3.1839e+00 -2.1011e-01 -5.0605e-01 -9.4021e-01 -1.4430e+00 -2.9090e-01 +4.2687e-02 -1.0478e+00 +1.2322e+00 -8.4289e-01 -4.0855e+00 -1.4025e+00 +4.5316e-01 -2.5329e+00
2835556 +2.718583056e+02 +2.718583056e+02 +2.555083056e+02 +2.555083056e+02 +2.5059e+00 +2.6871e-01 -1.1493e+00 +7.7437e-01 +1.8206e+00 -4.8037e-02 -7.4838e-01 +9.8143e-01 +5.9764e-01 -1.5587e+00 -3.2119e-01 +6.0915e-01 +1.0660e+00 -8.4402e-01 -2.2515e+00 -2.1298e+00 -3.5198e+00 -1.6612e+00 -3.1706e+00 -2.5516e+00
21677269 +2.603014241e+02 +2.603014241e+02 +2.439514241e+02 +2.439514241e+02 -1.3965e-01 -1.8417e-01 +1.5453e+00 +9.4227e-01 -4.1664e-01 -5.5611e-01 +3.8071e+00 -1.7763e+00 +2.0518e+00 -3.5328e+00 -6.9117e-01 +7.1948e-01 -1.6197e+00 -1.5839e+00 -4.3509e-01 -2.1465e+00 -1.0396e+00 -3.4355e+00 -1.2037e+00 +2.1654e-01
31484118 +2.535328402e+02 +2.535328402e+02 +2.371828402e+02 +2.371828402e+02 +2.4208e+00 -6.4123e-01 -6.5336e-01 -1.3200e+00 +1.4176e-02 +2.5106e-01 +1.3007e+00 -3.5390e+00 +1.5616e+00 -3.0438e+00 +9.3576e-02 -1.9794e+00 -2.8858e+00 +4.2434e-01 -4.6363e+00 -6.4537e-01 -1.5700e+00 -7.2699e-02 -2.4052e+00 -1.1824e+00
48128655 +2.447111012e+02 +2.447111012e+02 +2.283611012e+02 +2.283611012e+02 +5.0670e-02 -3.9241e-01 +4.9304e-01 -4.2360e-01 +1.0130e+00 -6.5390e-01 +2.4959e+00 +4.1570e-02 +3.2008e+00 -5.9798e-01 -3.8015e-01 -3.4695e+00 -1.1081e+00 +5.7611e-01 -1.4921e+00 -2.4563e+00 -3.4015e+00 -2.3891e+00 -1.5812e+00 -1.2972e+00
79380738 +2.253880026e+02 +2.253880026e+02 +2.090380026e+02 +2.090380026e+02 -2.1676e+00 +1.6074e+00 -1.5153e+00 -9.1427e-01 -7.1014e-01 -1.8126e+00 -8.8977e-01 +1.2519e+00 -1.6959e+00 +2.3292e+00 +2.1788e-01 +1.0543e+00 +2.7493e+00 +1.7989e+00 +1.8004e+00 -2.4638e-01 +1.2576e+00 +7.2686e-01 +9.3977e-01 +4.3322e+00
% function evaluation | noise-free fitness - Fopt (6.840000000000e+00) | best noise-free fitness - Fopt | measured fitness | best measured fitness | x1 | x2...
1 +6.912502865e+02 +6.912502865e+02 +6.980902865e+02 +6.980902865e+02 -1.2315e+00 -2.5079e+00 +2.4640e+00 +3.9441e-01 +8.9642e-02 +4.3884e+00 -2.2923e+00 +2.6976e+00 -2.1984e+00 +2.2863e+00 +2.5477e+00 -2.2676e+00 +4.3361e+00 -1.0998e+00 -8.7059e-01 -1.7250e+00 -2.3434e+00 -2.1596e+00 -3.6360e+00 +1.0770e+00
6 +6.314482756e+02 +6.314482756e+02 +6.382882756e+02 +6.382882756e+02 -3.1138e-01 +2.1620e+00 +1.2151e+00 +3.0135e+00 -2.4311e+00 +1.1073e+00 +1.1364e+00 -2.4593e-01 -4.2958e+00 +2.8870e+00 -1.8764e+00 -1.1753e+00 -1.9567e+00 -2.2161e-01 +1.6907e+00 -1.9469e+00 -2.2014e+00 -1.7219e+00 -1.5319e+00 -4.8159e+00
16 +4.997346540e+02 +4.997346540e+02 +5.065746540e+02 +5.065746540e+02 +2.2301e+00 +5.0709e-01 +1.6393e+00 -3.6321e+00 -2.0399e-01 -4.0540e+00 -9.4047e-01 +8.6881e-01 +7.7892e-01 -2.0597e+00 -3.7642e+00 +2.8084e+00 +1.2004e+00 +2.3013e+00 -3.2686e+00 +2.3015e+00 +3.3054e+00 -7.0449e-01 +7.5849e-01 -2.5359e+00
283 +4.487837020e+02 +4.487837020e+02 +4.556237020e+02 +4.556237020e+02 +6.6982e-01 +3.0491e+00 -4.5960e+00 -1.3595e+00 -3.8332e-01 -3.3731e-01 -4.8213e+00 +2.2051e+00 -2.5654e+00 -8.8608e-01 -5.3293e-01 +1.6459e+00 -2.4854e+00 +1.5920e+00 +3.0381e+00 -1.6991e-01 -2.5531e+00 +2.6462e+00 -8.4245e-01 -5.6762e-01
286 +4.288116094e+02 +4.288116094e+02 +4.356516094e+02 +4.356516094e+02 +2.3050e+00 -9.5929e-01 -1.8507e+00 -1.3336e+00 +8.6837e-01 +2.3277e+00 -1.9927e+00 -2.5867e+00 -1.3119e+00 -1.8236e+00 +1.7688e+00 -2.1497e+00 -6.7485e-01 +1.8611e+00 +1.8487e+00 -2.1128e+00 +1.6131e+00 +4.5925e-01 -1.2876e+00 -9.1137e-01
1098 +3.960786102e+02 +3.960786102e+02 +4.029186102e+02 +4.029186102e+02 +2.9984e+00 -2.1225e+00 -8.7119e-01 -3.1826e-01 +2.4474e+00 -1.5238e+00 -3.6633e+00 +8.0094e-01 +7.4902e-01 -8.3425e-01 -4.2303e+00 +1.3247e+00 -2.6378e+00 -1.5993e+00 +4.2011e-02 +1.1912e+00 -1.5654e+00 -1.8300e-01 +3.3496e+00 -1.7308e+00
1447 +3.865664111e+02 +3.865664111e+02 +3.934064111e+02 +3.934064111e+02 -3.1597e+00 -1.5208e-02 -2.8891e-01 +2.0357e+00 -3.8311e-01 +6.8885e-01 +3.1097e+00 -4.7950e-01 +1.2232e+00 +1.5805e+00 +3.3790e+00 +2.1958e+00 -3.8542e-01 +2.6323e+00 +2.0486e+00 +1.8419e-01 -4.8042e+00 -4.9709e-01 -6.2697e-01 +2.4887e+00
10539 +3.711432047e+02 +3.711432047e+02 +3.779832047e+02 +3.779832047e+02 +2.9717e+00 -4.5275e-01 -1.0184e+00 -2.8239e+00 +7.9313e-01 -4.1357e-01 +1.8669e+00 +4.0327e+00 +1.2303e+00 -2.5960e+00 -2.8271e+00 +2.9798e-01 -4.1545e+00 -2.5069e-01 -1.7210e-01 +4.9623e-01 +2.6894e+00 +1.9844e-01 +2.9577e-01 -2.4223e+00
12582 +3.613422306e+02 +3.613422306e+02 +3.681822306e+02 +3.681822306e+02 +1.8738e+00 +4.2302e-01 -2.7372e+00 -2.9949e+00 -1.1168e+00 +1.8877e+00 -1.2861e+00 +3.0887e-01 -1.3001e+00 +3.3364e-01 -2.2040e+00 +2.8421e+00 -5.6373e-01 -1.7114e+00 -2.0799e+00 -4.1691e+00 +2.5916e+00 +8.1663e-01 +4.3422e+00 +1.3081e+00
63841 +3.250580705e+02 +3.250580705e+02 +3.318980705e+02 +3.318980705e+02 +1.0060e+00 +9.4203e-01 -2.8858e+00 -3.7045e+00 +3.5511e+00 +5.8307e-01 +5.3890e-01 +2.6073e+00 -9.3014e-01 -2.6110e+00 -4.5352e+00 +3.7860e+00 -4.0396e+00 -4.6413e-01 -2.4074e+00 -1.0986e+00 +1.1935e+00 -1.2970e-01 +4.5518e-02 -1.1431e+00
395361 +3.194564714e+02 +3.194564714e+02 +3.262964714e+02 +3.262964714e+02 -4.5481e-01 +3.5481e+00 -6.3549e-01 +6.7032e-01 +2.7561e+00 +1.1750e+00 -1.6203e+00 +1.8590e+00 -2.4875e+00 -2.1119e+00 +1.0636e+00 +1.7139e+00 -1.7346e+00 -3.1515e+00 +2.3039e+00 +2.3113e+00 +3.3511e+00 +4.0635e-01 +1.4828e+00 -6.8037e-01
644989 +2.921286440e+02 +2.921286440e+02 +2.989686440e+02 +2.989686440e+02 -1.9815e+00 -1.1720e+00 +2.6137e+00 +1.0362e+00 -6.1554e-01 +6.2401e-01 +1.1520e+00 -1.2862e+00 +4.5637e-02 +4.9054e-01 +2.4736e+00 -2.0182e+00 -1.3734e+00 +8.6885e-01 +9.2981e-01 +2.6561e+00 -1.9218e-01 +2.3446e+00 +1.9133e+00 -3.0591e-01
1059836 +2.779032419e+02 +2.779032419e+02 +2.847432419e+02 +2.847432419e+02 -1.1438e+00 +8.4909e-01 +1.1475e+00 +2.5279e+00 -2.1154e+00 -9.0512e-01 -9.3017e-01 -1.2947e+00 -1.1965e+00 +2.6447e+00 -6.6733e-01 -2.7931e+00 +2.2629e+00 -1.9205e-01 +3.0553e+00 -1.4411e-01 -1.3301e+00 -1.4397e+00 -5.0984e-01 +1.0446e+00
20985760 +2.630970593e+02 +2.630970593e+02 +2.699370593e+02 +2.699370593e+02 -2.4251e+00 -1.6610e+00 +1.8723e+00 +2.5596e+00 -1.7891e+00 -1.2822e-02 +1.4395e+00 +1.6935e+00 +1.4565e+00 +3.3654e+00 +1.0808e+00 -9.2265e-01 +1.2102e+00 -1.0084e+00 +1.6500e+00 +3.8933e-01 -7.5693e-01 -2.0382e+00 +3.4541e-01 +1.7976e+00
54652188 +2.417972408e+02 +2.417972408e+02 +2.486372408e+02 +2.486372408e+02 +1.3196e+00 +1.5471e+00 +1.3932e+00 -3.5649e-01 +2.5032e+00 +2.4073e-01 +7.4671e-02 +1.0976e+00 +1.2795e+00 -2.4866e+00 -1.2420e-01 +6.8732e-01 -3.6940e+00 -3.1704e+00 -1.7467e+00 -6.3014e-01 +2.2198e+00 +2.0382e+00 +5.7513e-03 -8.4743e-01
102906187 +2.305805838e+02 +2.305805838e+02 +2.374205838e+02 +2.374205838e+02 +3.4605e-02 -1.5664e-01 -8.0350e-01 +2.1546e+00 -1.5950e+00 -2.3139e+00 +2.4963e-01 -2.2920e+00 +9.6202e-01 +1.6978e+00 +1.0778e+00 -6.1348e-01 +1.1573e+00 +2.2620e+00 +6.5913e-01 -5.7597e-01 -1.2030e+00 -2.0437e+00 -2.4649e+00 -5.8356e-01
155981707 +2.128757398e+02 +2.128757398e+02 +2.197157398e+02 +2.197157398e+02 +1.9847e-01 -5.6275e-02 -1.1617e+00 -8.4410e-01 +3.1125e+00 +2.1572e+00 +9.7584e-01 +1.0406e+00 -8.5104e-01 -3.3289e-01 +1.1210e+00 -1.8852e-01 -1.2693e+00 -6.7209e-01 -1.1018e-01 -1.7698e+00 +1.3318e+00 +3.8195e-02 +1.1969e+00 -7.0476e-01
% function evaluation | noise-free fitness - Fopt (-2.068000000000e+01) | best noise-free fitness - Fopt | measured fitness | best measured fitness | x1 | x2...
1 +4.471547756e+02 +4.471547756e+02 +4.264747756e+02 +4.264747756e+02 +1.4200e+00 -1.6371e+00 +2.3264e+00 -1.8330e+00 -2.5379e+00 +1.3848e+00 +1.6905e+00 +2.1733e+00 -3.5628e+00 +4.9180e-01 -2.3114e+00 +4.3933e-01 -2.6684e+00 +2.6369e+00 -1.0938e+00 -8.9077e-01 +1.0698e+00 +2.1554e-01 -5.8456e-01 -1.3938e+00
216 +4.335832177e+02 +4.335832177e+02 +4.129032177e+02 +4.129032177e+02 -2.2151e+00 -1.0107e+00 +1.0683e+00 -2.5915e+00 -6.9855e-01 -2.3234e+00 +2.0379e+00 +2.9923e+00 +3.9165e-01 -6.3114e-01 -8.2671e-01 -1.4330e-01 +1.9685e+00 -2.1618e+00 +3.9822e+00 -1.5187e+00 +3.3465e+00 +4.5411e+00 -2.3793e+00 -8.0715e-01
3400 +3.626782524e+02 +3.626782524e+02 +3.419982524e+02 +3.419982524e+02 -8.2213e-01 +5.6959e-01 +1.2920e+00 -6.3362e-01 +1.6660e-01 -3.0960e+00 +5.3425e-01 +1.0476e+00 +1.5094e+00 +1.6075e+00 +5.1359e-01 -2.0728e+00 -1.2110e-01 -2.7408e+00 -5.7094e-01 +2.9518e+00 +7.6847e-01 -2.1948e+00 -1.8780e+00 +1.5977e+00
33746 +3.524049843e+02 +3.524049843e+02 +3.317249843e+02 +3.317249843e+02 -1.1341e+00 +3.2729e-02 -2.2596e+00 -6.3847e-01 +1.5044e+00 -1.8834e+00 +2.6365e+00 +2.8294e+00 -6.6051e-01 +5.2085e-01 +1.3260e+00 +1.3388e+00 +2.7797e+00 -1.8425e+00 -2.8596e-01 +1.9515e-01 -3.9592e+00 +2.8149e+00 +2.5134e+00 +3.3146e+00
112967 +3.206662502e+02 +3.206662502e+02 +2.999862502e+02 +2.999862502e+02 +2.7195e+00 +1.5285e+00 +3.1083e+00 +7.8068e-01 -2.5847e+00 +1.7223e+00 -4.6166e-01 -1.2842e+00 -7.4033e-01 -3.0046e-01 +3.3161e-01 -9.0718e-01 -2.7785e+00 -1.8527e+00 -1.9607e+00 +3.7178e+00 -3.9853e-01 -2.5552e+00 -6.0380e-01 -1.5476e+00
265629 +3.063334703e+02 +3.063334703e+02 +2.856534703e+02 +2.856534703e+02 +2.1086e+00 -3.6611e-01 -1.8984e+00 +8.5627e-01 +2.8479e+00 -1.1096e+00 -6.6168e-01 +2.7276e+00 +1.8521e+00 +2.7267e+00 +1.3435e+00 +8.1973e-01 -1.1176e-01 +1.6671e+00 +2.6929e+00 +8.8389e-01 -2.4094e+00 +2.5860e+00 -2.5989e-01 +1.1547e+00
649693 +2.779434698e+02 +2.779434698e+02 +2.572634698e+02 +2.572634698e+02 +2.3851e+00 +4.6880e-01 +2.2325e+00 +2.4354e+00 -3.2630e+00 +2.4261e+00 +8.4005e-01 -2.4895e+00 -5.0692e-01 -5.7850e-01 -1.2286e+00 +1.5266e+00 +8.4392e-01 -4.2380e-01 -2.1049e+00 +1.3777e+00 +2.3668e+00 +1.4956e+00 +1.8415e+00 +8.6126e-01
915498 +2.706501622e+02 +2.706501622e+02 +2.499701622e+02 +2.499701622e+02 -1.7155e+00 -2.8974e-01 +1.7320e+00 -2.4738e+00 +1.8110e+00 -1.7640e+00 +7.5862e-01 -2.3951e-01 +7.8502e-01 -1.2084e+00 +2.0029e+00 -3.5811e+00 +6.4183e-01 -2.7497e+00 +4.7985e+00 -2.3992e+00 -6.3172e-01 +2.6622e+00 -6.3649e-01 -1.5952e-01
12448262 +2.502895120e+02 +2.502895120e+02 +2.296095120e+02 +2.296095120e+02 -2.0010e+00 -1.1940e+00 -2.2095e+00 -2.0911e+00 -5.6210e-01 -2.0803e+00 -3.0863e-01 +9.5621e-01 +1.2602e+00 +8.7152e-01 +1.0678e+00 +1.2643e-01 +6.5064e-01 +1.2559e-01 +1.3243e+00 +2.4357e+00 +3.7762e-01 +1.9027e+00 -7.6984e-01 +3.5345e+00
131944587 +2.404958866e+02 +2.404958866e+02 +2.198158866e+02 +2.198158866e+02 -1.3430e+00 -2.2570e+00 -1.6873e+00 -1.8190e+00 +1.7458e+00 -3.0740e-01 +1.4078e+00 +1.4973e-01 +1.4567e+00 +2.6654e-01 +2.8618e+00 +1.0961e+00 +1.0706e+00 -4.2846e+00 +8.2705e-01 -2.1301e+00 +4.7877e-01 +2.0229e+00 -1.2398e+00 +9.8083e-01
150960103 +2.260618174e+02 +2.260618174e+02 +2.053818174e+02 +2.053818174e+02 -1.6516e+00 -2.1297e+00 -1.6376e+00 -1.9208e+00 +5.2616e-01 -2.2741e+00 +8.8418e-01 +1.8258e+00 +1.2339e+00 +1.5791e+00 +1.9479e+00 +1.8481e-01 -1.5839e+00 +2.8697e-01 +3.0233e-01 -2.0057e+00 -2.0196e+00 +1.5036e+00 -1.2133e+00 +2.0127e+00
% function evaluation | noise-free fitness - Fopt (3.138500000000e+02) | best noise-free fitness - Fopt | measured fitness | best measured fitness | x1 | x2...
1 +6.217476595e+02 +6.217476595e+02 +9.355976595e+02 +9.355976595e+02 -4.5875e+00 +2.1911e+00 -4.5619e+00 -1.9325e+00 -2.3350e-01 +1.4458e+00 -2.4780e+00 +4.6557e+00 -2.0292e+00 -4.6498e+00 +4.3493e+00 -6.0942e-01 +8.8451e-02 +1.1986e+00 +1.1933e+00 +3.0281e-02 -3.6025e+00 +1.7164e+00 +4.3677e+00 -1.1573e+00
6 +6.121616083e+02 +6.121616083e+02 +9.260116083e+02 +9.260116083e+02 +3.4450e+00 -1.0727e+00 -3.7560e+00 +2.3201e+00 +4.3453e+00 -4.3269e+00 +2.2578e+00 +2.5767e+00 -3.4736e+00 -4.8037e+00 -4.7391e+00 -2.7017e+00 -2.6594e-01 +7.3562e-01 +3.2854e+00 -1.3596e+00 -2.0850e+00 -2.4003e+00 +4.5946e+00 -2.7946e+00
14 +5.863657748e+02 +5.863657748e+02 +9.002157748e+02 +9.002157748e+02 -4.1616e+00 +1.0570e+00 +2.2822e+00 +3.0861e+00 -4.2032e+00 -2.8201e+00 -1.6648e-02 +9.0392e-01 +2.0477e+00 -1.3095e+00 +1.6917e+00 -4.0106e+00 -1.5120e+00 -3.4224e-01 -2.7900e+00 -2.1057e+00 +2.6736e+00 -1.4269e+00 +4.0917e+00 -3.7613e+00
34 +5.281971825e+02 +5.281971825e+02 +8.420471825e+02 +8.420471825e+02 +4.5971e-01 +1.8570e+00 -3.3397e+00 +1.8772e+00 -2.9764e+00 -7.4535e-01 -1.0756e-01 -6.4144e-02 -3.9738e+00 -1.1798e+00 -1.8970e+00 +5.6786e-01 +2.4290e+00 -2.7197e+00 -3.0761e+00 -4.8966e+00 -3.3625e+00 -4.2873e+00 -1.8146e+00 -7.7648e-02
204 +4.821701481e+02 +4.821701481e+02 +7.960201481e+02 +7.960201481e+02 +2.4426e+00 -1.8312e+00 -5.8589e-01 -5.1745e-01 -6.5542e-01 +3.8942e+00 +8.4789e-01 -1.1541e+00 +3.3416e-01 +7.1272e-01 +2.0463e+00 +2.0943e+00 +7.2359e-01 +3.2062e+00 -3.0183e+00 -1.8377e+00 -2.7984e+00 -3.3940e+00 +9.2066e-01 -1.4379e+00
1259 +4.674355836e+02 +4.674355836e+02 +7.812855836e+02 +7.812855836e+02 -1.5804e+00 +5.4565e-01 -1.6170e+00 -2.4388e+00 -2.2018e+00 -3.5897e+00 -1.0996e+00 +1.9458e-01 +3.1154e+00 -3.7398e+00 -4.1157e+00 +3.4894e-02 -1.6685e+00 -3.6582e+00 -1.1434e+00 -4.4227e-01 +5.2627e-02 -2.3316e+00 +3.6728e+00 -1.1975e+00
1444 +4.102260240e+02 +4.102260240e+02 +7.240760240e+02 +7.240760240e+02 +6.9859e-01 +2.3833e+00 -2.5270e+00 +2.0499e+00 -3.8099e+00 -2.2452e+00 +3.2945e+00 -3.4951e-01 -2.3420e+00 -4.4505e+00 -1.8151e+00 +7.4202e-01 +3.6998e-01 -2.5703e+00 +6.3805e-01 +1.8440e+00 -3.8471e+00 -1.3360e-01 -1.1335e+00 -7.6477e-01
10271 +4.037866443e+02 +4.037866443e+02 +7.176366443e+02 +7.176366443e+02 -5.2986e-01 -3.3235e+00 +3.0257e+00 -2.2213e+00 +4.1412e-01 +6.2727e-01 +7.6487e-01 +2.0095e-01 +3.4744e+00 -4.1206e-01 +3.2538e+00 +1.8755e+00 -1.6459e+00 +2.6483e+00 -1.6100e+00 +1.0044e-01 +3.8180e+00 +1.0259e+00 -8.5627e-01 +2.5322e+00
13122 +3.525758891e+02 +3.525758891e+02 +6.664258891e+02 +6.664258891e+02 -1.3322e+00 +1.6463e+00 -3.5014e+00 -2.0102e+00 -9.5639e-01 +1.1726e+00 -1.7678e+00 +1.8097e+00 -1.2042e+00 -2.2078e+00 -1.3447e+00 -3.3468e+00 -1.3226e+00 +2.2307e+00 +3.0953e+00 -4.7859e-01 +1.0363e+00 +3.9569e-02 +4.5066e+00 +3.1333e-01
82878 +3.448163796e+02 +3.448163796e+02 +6.586663796e+02 +6.586663796e+02 -2.3275e+00 +6.4378e-01 -9.0164e-02 +2.8541e-01 -1.0717e+00 +1.8244e+00 -2.0144e+00 -2.7890e+00 +1.9087e-01 +4.4104e-01 -4.3665e-01 -7.5118e-01 +1.1478e+00 -4.0818e+00 +1.7447e+00 +4.7662e-01 -8.4217e-01 -8.6008e-01 +3.8059e+00 +1.3973e-01
262589 +3.253996836e+02 +3.253996836e+02 +6.392496836e+02 +6.392496836e+02 -2.8435e-01 +3.6758e-01 -1.5421e+00 +3.4657e+00 -2.5032e+00 -4.6731e+00 +2.1485e-01 +1.1368e+00 -1.7703e+00 -4.0831e+00 +2.1439e-01 -3.6692e-01 +2.5420e+00 -1.4270e+00 +3.7935e+00 +1.4556e+00 -4.4731e+00 +6.6109e-01 +1.9848e+00 -2.4304e+00
354539 +3.078068495e+02 +3.078068495e+02 +6.216568495e+02 +6.216568495e+02 +1.4505e-01 -4.9025e-01 +9.2273e-02 -2.5267e-01 +3.4309e+00 +3.1387e+00 -9.6323e-01 -5.2178e-01 +2.2692e+00 -6.1106e-02 +2.0416e+00 +2.3143e+00 -1.5861e+00 -3.2499e-01 +1.9017e-01 -2.0342e+00 -9.5385e-01 +2.8280e+00 -3.1218e+00 -7.8202e-01
484041 +2.544585790e+02 +2.544585790e+02 +5.683085790e+02 +5.683085790e+02 +1.0815e+00 +6.5736e-02 +1.1468e+00 -5.1101e-01 +1.1627e+00 +1.2232e+00 -1.6900e+00 -2.0791e+00 -1.6616e-02 -1.7384e+00 +8.4306e-01 +2.7835e+00 -1.5035e-01 +3.4741e+00 -1.4758e+00 -1.8880e+00 +1.1532e+00 -5.9729e-01 +4.6785e-01 +1.6716e+00
47250422 +2.476715735e+02 +2.476715735e+02 +5.615215735e+02 +5.615215735e+02 -3.9742e+00 -1.2064e-01 +1.6732e-01 +1.5086e-01 -4.6604e-01 -3.5204e-01 +6.8585e-01 +1.1693e-01 +3.0909e-02 -2.0964e+00 -3.7863e+00 -1.3716e+00 +7.8678e-01 -1.1151e+00 +1.2033e+00 -1.5122e-02 +1.3184e+00 +1.7394e-01 +1.2919e+00 -6.2089e-01
47971627 +2.435869216e+02 +2.435869216e+02 +5.574369216e+02 +5.574369216e+02 +1.5449e+00 -9.4779e-01 +3.2699e+00 -2.3009e+00 +1.7742e+00 +7.4331e-01 -2.4934e+00 -2.6055e+00 +1.3150e+00 +1.6377e+00 +1.0799e+00 +1.5956e+00 -2.2940e+00 -1.6730e+00 -1.6444e+00 -1.9304e+00 +1.7713e+00 +1.1660e+00 -2.5091e-01 +2.4403e+00
83696596 +2.372538019e+02 +2.372538019e+02 +5.511038019e+02 +5.511038019e+02 +3.2429e-01 -7.2176e-02 +2.2511e+00 -3.6722e+00 +2.2946e+00 +2.0061e-01 -1.4824e+00 -1.2375e-01 +5.8880e-02 -5.5838e-02 +1.2177e+00 +2.2321e+00 -2.7024e+00 +3.0047e+00 +5.2098e-01 -4.9824e-01 +8.6007e-01 +2.2541e+00 -2.4980e-01 -1.4403e+00
99816802 +2.284277756e+02 +2.284277756e+02 +5.422777756e+02 +5.422777756e+02 -7.7279e-01 +4.5384e-01 -1.6406e+00 +3.2513e-01 +9.1381e-01 -1.7542e+00 +2.2501e+00 +3.3129e+00 +4.9679e-01 -3.9933e-01 +9.4504e-01 -2.5940e+00 +2.1582e+00 +9.8491e-02 +9.8891e-01 +2.7895e+00 -8.4724e-01 -2.6489e+00 +1.7293e+00 +5.0471e-02
128468191 +2.106412973e+02 +2.106412973e+02 +5.244912973e+02 +5.244912973e+02 -2.6862e+00 +2.2204e-01 +5.3632e-01 +3.7068e+00 -1.8789e+00 -1.1868e+00 +1.3825e+00 +1.3812e+00 -2.4912e+00 -3.7011e+00 +2.4519e-01 -2.7335e+00 +2.1763e+00 -5.5590e-01 +2.9459e+00 +1.0306e+00 -1.7106e+00 -8.4127e-01 +1.0849e-01 +8.1294e-01
% function evaluation | noise-free fitness - Fopt (-1.640200000000e+02) | best noise-free fitness - Fopt | measured fitness | best measured fitness | x1 | x2...
1 +7.738019910e+02 +7.738019910e+02 +6.097819910e+02 +6.097819910e+02 -2.0124e+00 +2.1398e-01 -3.3514e+00 -3.8043e+00 -1.7786e+00 -4.2023e+00 -3.1082e-01 -4.0998e+00 -2.5149e+00 -2.4931e+00 -2.9943e+00 -2.4451e-01 -2.1669e+00 +3.0869e+00 +3.3418e+00 +4.2491e+00 +3.3266e+00 -1.9479e-01 +3.0459e+00 +9.2131e-01
4 +6.839485904e+02 +6.839485904e+02 +5.199285904e+02 +5.199285904e+02 +3.5372e-01 +2.7144e+00 -1.5692e+00 -4.3903e+00 -1.7735e-01 +3.7574e+00 +3.2262e+00 +3.2017e+00 -1.4818e-01 +4.1369e+00 +7.3432e-01 +2.1866e+00 +8.0692e-01 +1.9003e+00 -3.7552e+00 -1.8387e-01 -4.0608e+00 -3.2452e+00 +2.3982e+00 +4.0475e+00
8 +6.634912408e+02 +6.634912408e+02 +4.994712408e+02 +4.994712408e+02 +4.4060e+00 +5.2714e-01 +2.6916e+00 +5.4677e-01 +6.1651e-01 +3.6429e+00 -4.3721e+00 -1.9427e+00 -3.8461e+00 +2.5452e+00 -3.3351e-01 +8.1216e-02 +4.0884e+00 +1.8085e+00 -3.8062e+00 -2.5355e+00 +2.1214e+00 +2.8646e+00 +2.8921e+00 +1.0844e+00
10 +6.515162758e+02 +6.515162758e+02 +4.874962758e+02 +4.874962758e+02 -2.7009e+00 +4.3202e+00 +1.0167e+00 -1.4762e+00 +3.4220e+00 +2.6996e+00 +4.0170e+00 -1.1866e+00 +1.4358e+00 +1.4727e+00 -2.2398e+00 +6.8670e-01 +4.3269e+00 -3.7321e+00 +1.1649e+00 +3.8312e+00 +4.0945e+00 -4.3771e+00 -2.9778e+00 -3.3504e+00
12 +5.448764256e+02 +5.448764256e+02 +3.808564256e+02 +3.808564256e+02 +1.6325e+00 -1.5553e+00 +1.2383e+00 +1.0451e+00 -1.5544e+00 -1.3766e+00 -4.4251e+00 -2.7510e+00 -2.5400e+00 +5.7473e-01 -4.0770e-02 -3.2643e+00 +4.1531e-02 +4.0707e+00 -3.7945e+00 -4.9327e+00 +3.8882e+00 +2.7398e+00 -3.9965e+00 -3.6191e+00
178 +5.147484146e+02 +5.147484146e+02 +3.507284146e+02 +3.507284146e+02 -5.8403e-01 -2.1211e+00 +1.4738e+00 +2.5175e+00 +6.8672e-01 -2.9714e+00 +3.0211e+00 +2.4686e+00 -4.9542e-01 -4.7707e+00 -1.9791e+00 -9.0017e-01 +1.9906e-01 +8.5466e-01 +8.4458e-01 -2.8637e+00 +2.8748e+00 -1.8672e+00 +3.2097e+00 -1.5067e+00
255 +3.830746706e+02 +3.830746706e+02 +2.190546706e+02 +2.190546706e+02 +1.8166e-01 -7.2676e-01 -3.9833e-01 -6.1962e-01 +3.7334e+00 -2.0744e+00 +1.9264e+00 -1.9930e-01 -1.7818e+00 -2.3303e-01 -3.6586e+00 +4.7273e-01 +2.8163e+00 -1.2009e+00 +1.0761e+00 +1.8457e-01 -9.7137e-01 -2.5498e-01 -1.4462e+00 +4.6965e+00
14360 +3.736016486e+02 +3.736016486e+02 +2.095816486e+02 +2.095816486e+02 +3.6862e+00 -3.5374e+00 +3.1108e+00 -1.4504e+00 -2.1757e+00 -1.5644e+00 +9.7255e-01 +1.1459e+00 -4.0618e+00 -5.5266e-01 -2.5670e-01 -8.0518e-01 -2.8541e+00 +2.9566e+00 -1.7976e+00 -2.1868e+00 -2.7695e+00 +1.2569e+00 +2.9308e+00 -4.1275e+00
41849 +3.550005356e+02 +3.550005356e+02 +1.909805356e+02 +1.909805356e+02 +2.9925e+00 -1.5847e-01 +1.8745e+00 +3.5518e-01 +5.4326e-01 -3.0640e+00 -9.4524e-01 -8.3324e-01 -1.8683e+00 -2.3052e+00 +3.1879e+00 +3.4247e+00 +3.3327e-01 +1.9134e+00 -2.6431e+00 -2.4975e+00 +2.7033e-03 -4.4886e-01 -1.9280e+00 -1.3888e+00
65097 +3.072465224e+02 +3.072465224e+02 +1.432265224e+02 +1.432265224e+02 +3.1755e+00 -9.4076e-01 -1.4456e+00 +4.0097e+00 -1.5795e+00 -6.3037e-01 -3.1083e+00 -3.2112e-01 -6.6597e-01 -2.2165e+00 +9.2035e-01 -2.6264e+00 -2.1177e+00 -2.2224e-01 -1.0266e+00 -2.4550e+00 +1.8636e+00 +3.2348e+00 +1.7495e+00 -2.4867e+00
74629 +2.986091138e+02 +2.986091138e+02 +1.345891138e+02 +1.345891138e+02 +3.3999e+00 -2.0627e+00 -6.6540e-02 +2.0370e+00 -1.4615e+00 +1.1232e+00 -1.9285e+00 -6.4894e-02 -4.9384e+00 -1.4442e+00 +2.4323e+00 -1.7079e+00 +1.7179e+00 +3.9534e+00 -2.4789e+00 -2.6957e+00 +1.7040e+00 +2.6580e+00 +3.4526e+00 -8.1780e-01
472752 +2.824475690e+02 +2.824475690e+02 +1.184275690e+02 +1.184275690e+02 -6.3645e-01 +6.3316e-01 +1.9897e+00 +1.7320e+00 -1.6599e+00 -3.1150e+00 -1.1368e+00 -2.8489e+00 -1.8151e+00 -3.1347e-02 +1.8452e+00 -1.1286e+00 +1.0810e+00 +8.3671e-01 -3.3058e-01 +1.2983e+00 +1.1467e+00 +3.2619e-01 +1.6284e+00 +3.6609e-01
1085912 +2.563956424e+02 +2.563956424e+02 +9.237564243e+01 +9.237564243e+01 +4.1341e+00 -2.8788e+00 +3.7125e+00 +1.5538e+00 +9.6734e-01 -2.3508e+00 -5.0153e-01 -1.4828e+00 -1.5386e+00 -8.3422e-01 +2.5132e+00 -6.0636e-01 -6.5401e-01 +1.0212e+00 -6.6614e-01 -1.5072e+00 +8.7074e-01 +1.8617e+00 +2.3610e+00 +1.0614e+00
17307012 +2.312317910e+02 +2.312317910e+02 +6.721179105e+01 +6.721179105e+01 -9.3169e-03 -2.0682e+00 +1.5259e+00 +2.4148e+00 -1.3092e+00 +9.5276e-01 -1.5848e+00 +2.2121e-01 -4.5291e-01 -5.9852e-01 -1.1950e+00 -1.5426e+00 -1.7704e+00 -1.4038e-01 -2.6856e-01 -7.7107e-01 +3.0159e+00 -7.8644e-01 +1.4325e+00 -1.7269e+00
42512354 +2.277142904e+02 +2.277142904e+02 +6.369429037e+01 +6.369429037e+01 +1.7443e+00 -8.2325e-01 -8.6379e-01 +1.8685e+00 -3.0871e+00 -9.5089e-01 -5.0969e-01 -8.6126e-02 +7.6176e-01 -2.2765e+00 +2.0896e-01 -2.1047e-01 +9.5977e-01 +3.2868e-01 -2.6502e+00 +2.0457e-01 +2.4475e+00 +1.2162e-01 +1.8567e+00 -3.5287e-01
% function evaluation | noise-free fitness - Fopt (-1.000000000000e+03) | best noise-free fitness - Fopt | measured fitness | best measured fitness | x1 | x2...
1 +6.744546402e+02 +6.744546402e+02 -3.255453598e+02 -3.255453598e+02 +2.5907e+00 +1.5090e+00 -3.8703e+00 +7.3763e-02 +1.0732e+00 -4.4719e+00 -7.4715e-03 -2.6766e+00 +4.8545e+00 +2.4640e+00 +1.3051e-01 -4.3706e+00 -4.9871e+00 +3.7377e+00 -1.9879e+00 +1.8020e+00 -1.7311e+00 -2.7812e+00 +1.9884e+00 -9.2006e-02
4 +6.513484393e+02 +6.513484393e+02 -3.486515607e+02 -3.486515607e+02 +1.6264e+00 -1.3671e+00 +1.8432e+00 +4.7729e+00 +2.3215e+00 -4.7844e+00 +5.8931e-01 -5.1531e-01 +4.3873e-01 -2.6360e-01 -1.0371e+00 -2.3605e+00 +1.5898e+00 +1.1515e-01 -2.8789e-01 -3.5912e+00 +4.2052e+00 +3.1458e-01 +6.5147e-01 +2.1665e+00
6 +5.719548333e+02 +5.719548333e+02 -4.280451667e+02 -4.280451667e+02 +4.6341e+00 -3.5002e+00 -3.9578e+00 +1.4186e+00 +1.1181e-01 +6.4363e-03 -1.7916e+00 +4.0027e+00 -2.8988e+00 -2.3505e+00 +2.1355e+00 -1.1784e+00 -9.4902e-01 -7.2483e-02 +3.4252e+00 +2.8195e+00 -1.2322e+00 +1.1727e+00 -1.3770e+00 +1.5387e+00
33 +5.377774685e+02 +5.377774685e+02 -4.622225315e+02 -4.622225315e+02 +1.3803e+00 +1.5749e+00 -3.0421e-02 +6.5331e-02 -3.6010e+00 +2.6781e+00 -6.9108e-01 +1.9495e+00 -3.9855e+00 -2.8399e-02 -2.6840e+00 +2.1598e+00 +4.4565e+00 +4.1032e+00 +2.6953e+00 -3.8379e+00 +2.1849e+00 +1.4108e+00 -1.0668e+00 +2.3760e-01
71 +4.881231500e+02 +4.881231500e+02 -5.118768500e+02 -5.118768500e+02 -1.7393e+00 -3.0432e+00 -3.0775e+00 -1.2363e+00 +4.3561e+00 -2.2925e+00 -2.0467e-01 -9.8272e-01 -3.4559e-01 +5.8969e-01 -2.9020e+00 -3.7539e-01 +3.2396e+00 +2.0082e-01 -2.4172e+00 +1.9285e+00 -3.0879e+00 -3.6864e-01 -1.5781e+00 +3.1466e-01
850 +4.154308441e+02 +4.154308441e+02 -5.845691559e+02 -5.845691559e+02 +5.3208e-01 -1.5595e+00 -1.8634e+00 -1.1111e+00 -1.9277e+00 -2.6821e+00 +1.2874e+00 -1.0799e+00 -2.6823e+00 +1.3634e-01 +3.8074e-01 -1.4860e+00 +3.0576e+00 -3.1953e+00 +1.9864e+00 +3.1578e+00 +1.5196e+00 +1.8515e+00 +2.9388e-01 +1.8589e+00
1524 +3.903129369e+02 +3.903129369e+02 -6.096870631e+02 -6.096870631e+02 -1.4701e+00 +9.6674e-01 +1.7534e+00 -1.5793e+00 +4.0688e-01 -1.9943e+00 +3.5752e+00 -4.1169e+00 -1.5662e+00 +7.6173e-01 +2.9852e+00 +2.5633e+00 -6.8053e-02 -2.3686e+00 +2.5642e+00 +8.5775e-01 +1.4325e-01 -2.4715e+00 +3.3509e-01 -1.9322e-01
2022 +3.821951327e+02 +3.821951327e+02 -6.178048673e+02 -6.178048673e+02 +1.1778e+00 -2.5234e+00 +1.2006e+00 +2.1362e+00 +1.6256e+00 -1.2880e-01 +3.1084e+00 -2.0451e+00 -2.5423e+00 -1.5024e+00 +1.8962e+00 -2.9379e+00 -2.5247e+00 -4.6373e-01 +9.8629e-01 +5.2261e-01 -1.9316e+00 -1.0027e+00 -4.3674e+00 -4.8872e+00
23966 +3.486884341e+02 +3.486884341e+02 -6.513115659e+02 -6.513115659e+02 -2.2337e+00 -1.0300e-01 -1.9327e-01 -2.5688e+00 +1.0032e+00 +1.1317e+00 +2.6486e+00 -3.2391e+00 -3.9131e-01 +3.8899e-01 +3.9924e+00 +6.7084e-02 -1.1632e+00 -1.5407e+00 +4.0272e+00 +1.0406e+00 -2.7421e+00 -2.9503e+00 +8.0795e-01 +2.2955e+00
40840 +3.445491907e+02 +3.445491907e+02 -6.554508093e+02 -6.554508093e+02 +3.8440e-01 +2.9884e-01 +1.6974e+00 +1.0543e+00 +1.3476e+00 +2.3938e-01 +1.2709e+00 -1.7314e-01 -1.4732e+00 +2.6819e+00 +1.0980e+00 -2.0458e+00 -2.6039e+00 +2.3820e-01 +8.7174e-01 -2.6985e+00 -3.7769e+00 -8.4184e-01 -3.3495e+00 -1.3463e+00
51615 +3.225276436e+02 +3.225276436e+02 -6.774723564e+02 -6.774723564e+02 +5.3943e-01 +8.4353e-01 +7.9102e-01 +1.7514e+00 +7.1169e-01 +2.0359e+00 -2.1091e+00 +2.1622e+00 +1.4846e+00 -2.8133e+00 -9.3813e-01 -1.6714e+00 -9.5391e-02 +2.0359e-01 -7.1803e-01 -6.5178e-01 +3.2056e+00 +3.8467e+00 +4.1881e-01 +3.4991e+00
376278 +3.076553529e+02 +3.076553529e+02 -6.923446471e+02 -6.923446471e+02 -1.5156e-01 +5.9765e-01 -1.5709e+00 -2.2636e+00 +4.5441e-01 -2.4172e+00 +2.9300e+00 -3.2489e+00 +1.7374e-01 +2.8081e+00 +1.4365e+00 -2.9868e+00 -1.2842e+00 -6.3940e-01 +3.8203e+00 -2.8000e-01 +7.4344e-02 -2.4670e+00 +2.7161e+00 -3.1933e+00
1795405 +2.993851182e+02 +2.993851182e+02 -7.006148818e+02 -7.006148818e+02 -2.0863e+00 -4.6133e+00 +2.8176e+00 -4.2084e+00 +8.9549e-01 -1.3738e+00 -1.7355e+00 -2.1555e+00 -7.4947e-01 +1.2568e+00 +2.7100e+00 -2.9723e+00 -1.5046e+00 +2.3275e-01 +5.1698e-01 +9.6742e-01 -1.3426e+00 +2.3243e-01 -1.0684e+00 -1.8341e+00
2230454 +2.938010929e+02 +2.938010929e+02 -7.061989071e+02 -7.061989071e+02 -3.1456e+00 -7.9388e-01 +5.5519e-01 -2.3854e+00 +2.3520e+00 +2.3552e+00 +7.9832e-01 -1.0154e+00 +7.5068e-01 +3.3203e+00 -4.2686e-01 -3.4897e-01 -5.4456e-01 -5.8734e-01 +4.2365e+00 +7.1392e-01 -2.2224e+00 +1.4262e-01 -1.9730e+00 -4.0496e+00
4151867 +2.767950717e+02 +2.767950717e+02 -7.232049283e+02 -7.232049283e+02 +2.0616e-01 -3.4982e-01 -2.3756e+00 -1.2630e+00 -1.2720e+00 +1.1383e+00 +3.2292e+00 -2.3312e+00 -2.9125e-01 +1.6331e+00 +1.5556e+00 -4.0329e+00 -1.2310e+00 -3.0074e-01 +3.3616e+00 +9.1271e-01 -2.1305e+00 -9.9969e-01 -1.3456e+00 +3.5820e-02
5064898 +2.641567324e+02 +2.641567324e+02 -7.358432676e+02 -7.358432676e+02 +5.2663e-01 -3.7405e+00 -2.3831e+00 -1.2658e+00 +2.9906e+00 -1.5842e+00 +3.5939e-01 +1.6570e+00 +1.7530e-01 +2.9826e+00 +1.2410e+00 -4.7871e+00 -2.2934e+00 -3.1614e+00 +1.1851e+00 +2.4275e+00 -1.8825e+00 -9.5892e-01 -2.6921e+00 -2.2528e+00
25586877 +2.615514090e+02 +2.615514090e+02 -7.384485910e+02 -7.384485910e+02 -3.5719e+00 +4.5969e-01 -1.7159e+00 -1.9903e+00 +2.2736e+00 +2.6615e-01 -8.3118e-01 -1.8016e+00 -3.9521e+00 +6.3984e-01 -2.3213e-01 -2.3304e+00 -4.0415e+00 -1.5042e-01 +2.3655e+00 -5.8511e-01 -3.1315e+00 -1.0373e+00 -2.3665e+00 -2.1731e-01
33417671 +2.526826383e+02 +2.526826383e+02 -7.473173617e+02 -7.473173617e+02 +3.3448e+00 -1.7747e-01 +1.9249e+00 +3.1596e+00 -1.9610e+00 +2.0272e+00 +3.8063e-01 +2.7245e+00 +7.2859e-01 -1.6863e+00 +4.8211e-01 +8.2635e-01 +1.1109e+00 +1.7874e+00 -4.2602e-01 -1.4855e+00 +1.2130e+00 +3.2694e+00 +1.5062e+00 +8.6270e-01
37505571 +2.497379221e+02 +2.497379221e+02 -7.502620779e+02 -7.502620779e+02 +1.0040e+00 -2.3527e+00 -1.1440e+00 -2.4773e+00 +3.0417e+00 -5.2230e-01 +1.6143e-01 -2.2628e+00 -1.7740e+00 +8.2226e-01 +3.2801e+00 +3.4532e-01 -1.5583e+00 -3.5424e+00 -9.4836e-01 +4.6819e-01 -1.7406e+00 -2.1635e+00 -3.1569e+00 +8.5540e-01
112876341 +2.404184711e+02 +2.404184711e+02 -7.595815289e+02 -7.595815289e+02 -1.9365e+00 -2.5325e+00 -8.6774e-01 -7.6054e-01 +1.8565e+00 -4.6925e+00 -2.3496e-01 -7.0565e-01 -1.9005e+00 +3.6447e-02 +6.0787e-01 -3.1693e+00 -2.8358e+00 -2.0343e+00 -1.3377e-01 +7.6271e-01 -8.5375e-01 -9.1973e-01 -5.7152e-01 +6.5372e-01
114071262 +2.346027018e+02 +2.346027018e+02 -7.653972982e+02 -7.653972982e+02 -1.9034e+00 -5.0215e-01 -7.2067e-01 +2.0910e-01 +1.9284e+00 -1.4957e+00 +1.1732e+00 +2.5849e-01 -2.0321e+00 -1.3278e+00 +5.0299e-02 -2.3655e+00 +2.7413e-01 -2.1810e+00 +1.4889e+00 +2.9166e+00 -1.6077e+00 -2.6640e+00 -1.6714e+00 -1.7952e+00
% function evaluation | noise-free fitness - Fopt (-1.001300000000e+02) | best noise-free fitness - Fopt | measured fitness | best measured fitness | x1 | x2...
1 +8.711349595e+02 +8.711349595e+02 +7.710049595e+02 +7.710049595e+02 -4.0276e+00 -1.0368e+00 -4.9976e+00 -3.1007e+00 +1.9228e+00 +3.8974e-01 -3.4011e+00 +2.2360e+00 +4.2472e+00 +4.2656e+00 -2.9269e+00 +1.7039e+00 +4.5921e+00 -2.6960e+00 -5.5541e-01 -3.7960e-02 -1.8703e+00 -3.1124e+00 +1.5329e+00 +3.0767e+00
2 +6.875653903e+02 +6.875653903e+02 +5.874353903e+02 +5.874353903e+02 -4.6303e+00 +1.2003e+00 -1.9003e+00 +8.1164e-01 +3.1866e+00 -2.5441e+00 +1.7783e+00 +1.2293e+00 +3.3764e+00 -6.6781e-01 -2.4004e+00 -3.6996e+00 +4.7728e+00 -4.0394e+00 -2.9671e+00 -2.3524e+00 -4.7261e-01 -2.0689e+00 -1.7037e+00 -2.8947e+00
8 +6.087914228e+02 +6.087914228e+02 +5.086614228e+02 +5.086614228e+02 +3.0374e-01 +4.6675e+00 -2.2920e-01 -5.6319e-01 +1.0946e+00 +2.5916e+00 +4.8554e+00 +1.3505e+00 -1.5500e+00 -7.0417e-01 +7.3077e-01 +3.7347e+00 -2.9105e+00 +1.4444e+00 -4.4129e-02 +2.2766e+00 -2.1652e+00 +1.0645e+00 -3.3638e-01 +3.8589e+00
9 +4.815270787e+02 +4.815270787e+02 +3.813970787e+02 +3.813970787e+02 +1.6235e+00 -7.7752e-01 +2.7519e+00 +4.2643e-01 -4.9026e+00 -1.9438e+00 -4.6453e+00 -2.4504e-01 +2.6357e-01 +1.3920e+00 -1.6606e+00 -3.2546e+00 -1.5962e+00 +2.7333e+00 +1.7116e+00 -2.3781e+00 +2.7637e+00 +4.2521e+00 -1.6648e+00 +4.4860e+00
594 +4.713822162e+02 +4.713822162e+02 +3.712522162e+02 +3.712522162e+02 -9.0397e-01 -1.6485e+00 +3.7358e+00 -2.6726e+00 +1.1169e+00 +2.3371e+00 -3.9728e+00 +1.3834e+00 +6.4180e-01 +2.0405e+00 -3.8797e+00 -1.9782e+00 +9.1590e-01 -2.1543e+00 +3.1682e-01 -1.7140e+00 +8.2722e-01 -1.2917e+00 +2.9250e+00 -9.3398e-01
653 +4.607745753e+02 +4.607745753e+02 +3.606445753e+02 +3.606445753e+02 +3.4293e+00 -1.5919e+00 +1.6696e-01 -2.7569e+00 +2.8598e-01 -1.2742e+00 -1.7925e+00 -1.6487e+00 -2.0033e+00 -9.7723e-01 -1.3558e+00 -1.1007e+00 -3.8638e+00 +4.4991e+00 +1.5996e+00 +2.4145e+00 +2.6209e+00 +4.1174e+00 +3.0564e+00 +3.2512e-01
1337 +4.540213274e+02 +4.540213274e+02 +3.538913274e+02 +3.538913274e+02 -7.3212e-01 +1.8626e+00 +3.2017e+00 -3.9837e+00 +1.1692e+00 -6.5775e-01 +1.1003e-01 -4.7670e+00 -3.9802e+00 +6.7972e-02 +3.4789e-01 -2.3392e+00 -1.0399e+00 +3.2299e+00 +1.9773e+00 -2.4901e+00 +3.5254e+00 -1.4119e-01 +2.3484e+00 +3.7165e+00
1833 +4.351467698e+02 +4.351467698e+02 +3.350167698e+02 +3.350167698e+02 +4.0754e+00 -3.1939e+00 +2.5356e+00 -4.7692e+00 -3.1528e+00 -2.7639e+00 -3.0158e+00 -1.7657e+00 -3.9049e+00 +1.0959e+00 +4.5930e-01 -3.7681e+00 -7.3634e-01 -1.6081e+00 -1.3134e+00 -2.4471e-01 +3.7243e+00 -1.3924e+00 +4.7568e-01 +1.6968e+00
2896 +4.243811663e+02 +4.243811663e+02 +3.242511663e+02 +3.242511663e+02 +1.4220e+00 +1.1117e+00 +1.9573e+00 -1.0067e+00 -2.1722e+00 -1.1913e+00 -1.8602e+00 +1.9538e-01 -5.2553e-02 -9.5226e-01 -2.1461e+00 -3.9923e+00 -1.9220e+00 -1.1817e-01 -2.9111e+00 +1.5907e+00 +2.1954e+00 +2.1127e+00 -3.8258e-01 +3.3811e+00
3129 +4.003721083e+02 +4.003721083e+02 +3.002421083e+02 +3.002421083e+02 -2.1481e+00 -1.6077e+00 +3.6596e-01 -9.5332e-01 +1.2162e+00 -1.5856e+00 -3.5321e-01 +8.9752e-01 +5.2343e-01 -5.5562e-01 +5.9141e-01 +3.9702e+00 -1.3747e+00 -3.6933e+00 -1.5672e+00 +1.2136e+00 -2.7704e+00 -5.4483e-01 -1.5071e-01 -3.8703e-01
4297 +3.968578416e+02 +3.968578416e+02 +2.967278416e+02 +2.967278416e+02 -3.8304e-01 -1.1420e+00 +4.1045e+00 +2.6008e+00 -2.1852e+00 +5.8724e-01 -1.2689e+00 +2.8318e+00 -2.1839e+00 +2.5985e+00 +6.5426e-02 -2.2313e+00 -2.8254e+00 +3.0183e+00 +2.0814e+00 +5.6671e-01 +3.3054e+00 -2.7625e+00 +1.6358e+00 +6.9030e-02
5222 +2.777305879e+02 +2.777305879e+02 +1.776005879e+02 +1.776005879e+02 +3.4012e+00 -3.1533e-01 -1.8903e-01 -2.6380e+00 -3.1158e+00 +8.0285e-01 -1.5966e+00 -1.4168e-01 -1.0654e+00 +8.9089e-01 -1.7694e+00 +2.0194e+00 -1.6896e+00 +7.6366e-01 +3.3036e+00 +1.2410e+00 +2.4324e+00 -1.0309e+00 +1.0615e+00 +9.2158e-02
2088041 +2.541061744e+02 +2.541061744e+02 +1.539761744e+02 +1.539761744e+02 +5.3971e-01 -3.4185e-01 +4.2864e-01 +2.7803e-02 -1.2552e+00 +3.2276e-01 +2.2468e-01 -2.0008e+00 -2.3079e+00 +1.4921e+00 -2.0172e+00 -1.8989e+00 -3.5724e+00 +1.3293e+00 -2.2945e-01 -2.2599e+00 +1.3415e+00 +8.2870e-02 +3.9240e+00 -1.6380e-01
52901018 +2.439694663e+02 +2.439694663e+02 +1.438394663e+02 +1.438394663e+02 +1.5527e+00 -3.4883e+00 +1.5200e+00 -2.1836e+00 -1.4955e+00 -1.0924e+00 -1.2711e+00 -2.7042e+00 -1.6117e+00 +3.2735e+00 +1.4459e+00 -1.1364e+00 +1.1413e+00 +1.3180e-01 -7.7740e-02 -2.2326e+00 +1.4381e+00 -9.0651e-01 +2.3280e+00 -6.9524e-01
57056317 +2.253435135e+02 +2.253435135e+02 +1.252135135e+02 +1.252135135e+02 +5.7173e-01 +1.5135e+00 +7.5017e-01 -5.0068e-01 -1.2978e+00 -1.1538e+00 -4.0421e+00 -5.3964e-01 -1.1147e+00 +1.4193e+00 -1.5417e+00 -1.2976e+00 -1.2673e+00 +3.1061e+00 +2.9124e+00 -1.8038e+00 +1.4833e+00 -1.5757e+00 -4.7361e-01 +6.7146e-01
58981096 +2.221300758e+02 +2.221300758e+02 +1.220000758e+02 +1.220000758e+02 +6.6580e-01 -4.0787e+00 +2.4234e+00 -3.5405e+00 -1.0043e+00 -9.7524e-01 -2.5259e+00 -2.6080e+00 -1.8727e+00 +9.4406e-01 +3.9364e-01 -2.6193e+00 +4.8380e-02 +1.3323e+00 -1.1360e+00 -1.4079e+00 +2.8348e+00 -1.7752e+00 +6.8557e-01 +1.8295e+00
123089413 +2.134614791e+02 +2.134614791e+02 +1.133314791e+02 +1.133314791e+02 -2.6813e+00 +1.2302e+00 +4.2170e-01 +8.6764e-01 +2.0231e+00 +2.5525e+00 -8.4233e-02 +2.6078e+00 +6.9488e-01 -2.1460e+00 +5.4681e-01 +1.1759e+00 +2.6035e-01 -1.4283e+00 -8.7396e-01 +2.3066e+00 +6.7220e-03 -7.0095e-01 -1.9246e+00 -4.7503e-01
