% function evaluation | noise-free fitness - Fopt (7.948000000000e+01) | best noise-free fitness - Fopt | measured fitness | best measured fitness | x1 | x2...
1 +2.559824903e+02 +2.559824903e+02 +3.354624903e+02 +3.354624903e+02 -1.2556e+00 +4.3792e+00 -1.6454e+00 -6.7992e-02 +4.6382e+00 -3.3251e+00 -4.8492e-02 -2.4307e+00 +3.7797e+00 -3.6873e+00 -1.3955e+00 +1.5418e+00 -4.8188e+00 +1.3417e+00 +4.9884e+00 -8.8654e-02 -1.2807e-01 +2.7495e+00 +4.9974e+00 -1.5979e+00
4 +2.302813278e+02 +2.302813278e+02 +3.097613278e+02 +3.097613278e+02 -2.5597e+00 -4.1133e+00 +2.4831e+00 -1.0729e+00 -1.3478e+00 +7.2504e-01 -2.8463e+00 -5.2573e-01 +4.0300e+00 +8.3295e-01 +4.4545e+00 +1.6451e-01 -4.9469e-01 +2.0593e+00 +4.9628e+00 +6.6212e-01 +6.0305e-01 +2.8851e+00 +3.7518e+00 +2.8419e+00
6 +1.337015486e+02 +1.337015486e+02 +2.131815486e+02 +2.131815486e+02 +7.8611e-01 -3.1084e-01 -1.8903e+00 +1.4888e-01 -3.6130e+00 +1.5936e+00 +1.5539e-01 +2.6570e+00 -3.5932e+00 -2.6292e+00 -4.9181e+00 +2.7844e+00 +2.1024e+00 -1.4919e+00 +1.3102e+00 +1.0131e+00 -3.0928e+00 +2.5132e+00 -3.7867e+00 -2.3255e+00
55 +1.306982671e+02 +1.306982671e+02 +2.101782671e+02 +2.101782671e+02 +5.1543e-02 -8.3404e-01 -4.3582e+00 +1.9126e+00 +1.0288e+00 +4.4213e+00 -1.7312e+00 -1.4219e+00 +4.7073e+00 -4.4173e+00 -3.7632e+00 +2.1772e+00 +1.4511e+00 -9.6107e-01 +3.8133e+00 +3.0419e+00 -4.6453e+00 -3.7489e+00 -1.8809e+00 +2.4398e+00
82 +1.119346246e+02 +1.119346246e+02 +1.914146246e+02 +1.914146246e+02 +1.8813e+00 +6.0234e-01 +7.1525e-01 +2.3103e+00 -3.5506e-03 +2.7769e+00 -2.3780e+00 -3.8506e+00 +2.7046e+00 -2.9088e+00 -3.8372e+00 +4.8603e+00 -3.2968e-01 -3.7400e+00 +2.2471e+00 +7.9453e-01 -3.4655e+00 -3.9284e+00 +4.7902e+00 -7.9885e-01
416 +1.009203300e+02 +1.009203300e+02 +1.804003300e+02 +1.804003300e+02 +1.6099e+00 +5.8741e-01 +1.0485e+00 +1.5650e+00 +9.8122e-01 +4.3413e-01 -1.1897e+00 -1.4153e+00 -2.8388e+00 -1.8915e+00 +2.3677e-01 +2.9994e+00 -4.3164e+00 -1.6458e+00 +1.3296e+00 +3.8106e+00 -2.7586e+00 -4.6159e+00 -1.3807e-01 +3.3308e+00
904 +8.820678033e+01 +8.820678033e+01 +1.676867803e+02 +1.676867803e+02 +4.1132e+00 -2.2386e+00 -2.0440e+00 +1.0590e+00 -3.1675e+00 +5.7933e-01 +3.6798e-01 -8.5126e-01 -4.7595e+00 -2.8887e+00 -5.7974e-01 +3.0601e+00 +1.4658e+00 +1.8880e+00 +1.8577e+00 +1.2294e+00 +3.5764e+00 -4.6161e+00 +4.8028e+00 -2.6950e+00
3101 +8.675141974e+01 +8.675141974e+01 +1.662314197e+02 +1.662314197e+02 -8.5523e-01 -7.0492e-01 -3.3135e-01 +5.3789e-01 -2.3819e+00 +4.5353e+00 +3.7530e+00 +2.2369e+00 -2.8096e+00 -3.0457e+00 -1.5585e+00 +9.9445e-01 -2.4404e+00 +2.6982e+00 +1.4060e+00 +2.1934e-01 +1.0668e+00 -3.4486e+00 +3.2187e+00 +3.4552e+00
9124 +8.297296453e+01 +8.297296453e+01 +1.624529645e+02 +1.624529645e+02 -2.4823e+00 -1.2337e-01 +1.4006e-01 +1.8274e+00 -3.7512e+00 -1.7778e-01 -4.3244e+00 +1.7737e+00 -2.3990e+00 -3.1029e+00 -4.6666e+00 -1.3234e+00 +2.3440e+00 -2.4442e+00 +1.1518e+00 +2.9085e+00 -1.6512e+00 -3.6645e+00 -6.4480e-02 -2.8429e+00
9692 +6.963412311e+01 +6.963412311e+01 +1.491141231e+02 +1.491141231e+02 +6.2909e-01 -4.8936e+00 -2.8533e+00 +1.9215e+00 -3.6896e+00 -2.4090e+00 +5.7331e-01 -9.5332e-01 -1.9092e+00 -2.3737e+00 -2.6889e+00 -1.8408e-01 +1.7261e+00 +3.9126e+00 +3.8636e+00 +2.6110e-01 -1.4934e+00 -4.1956e+00 +3.8733e+00 -1.0542e+00
16610 +6.445123751e+01 +6.445123751e+01 +1.439312375e+02 +1.439312375e+02 +9.6284e-01 -2.5282e+00 -2.2921e+00 +1.6711e+00 -2.9875e+00 +2.8263e+00 +1.5200e+00 +6.5404e-01 +5.7329e-01 -1.2672e+00 -4.9077e+00 +2.0740e+00 -1.5385e+00 +6.9016e-01 +1.2949e-01 +4.8576e+00 +2.7805e+00 -3.7984e+00 -5.2497e-01 +2.4265e+00
25146 +5.362795717e+01 +5.362795717e+01 +1.331079572e+02 +1.331079572e+02 +1.1897e+00 -2.9016e+00 +1.2124e+00 +4.0226e+00 -2.0920e+00 +5.7311e-01 +3.5535e-01 +2.0506e+00 -2.0545e+00 -2.8584e+00 -2.8368e+00 +1.5802e+00 -1.3727e+00 +2.5619e+00 +2.2372e+00 +2.7418e+00 -1.5747e+00 -3.9939e+00 +6.1985e-01 -2.5904e+00
88585 +5.237249891e+01 +5.237249891e+01 +1.318524989e+02 +1.318524989e+02 -3.9534e-01 -3.8849e+00 -1.9097e+00 +4.1614e+00 -8.6804e-01 +8.3973e-01 -1.4916e+00 +2.3788e+00 -2.6041e+00 -4.4612e+00 -1.4436e+00 +3.6022e+00 -1.9785e-01 -7.5248e-01 +1.2172e+00 +3.5613e+00 -2.0861e+00 -4.8804e+00 +1.9787e+00 -4.0214e-01
103120 +5.031304526e+01 +5.031304526e+01 +1.297930453e+02 +1.297930453e+02 +1.4585e+00 -2.3276e+00 -2.2260e+00 +1.4200e+00 -2.2453e+00 +8.3455e-01 -1.7055e+00 +2.0458e+00 -1.3540e+00 -4.8462e+00 -2.0324e+00 +2.3030e+00 +1.0529e-01 -4.8265e-01 +4.2773e+00 +1.5050e+00 -2.6569e+00 -5.2293e-01 +9.4835e-01 +4.2225e+00
373943 +4.837580720e+01 +4.837580720e+01 +1.278558072e+02 +1.278558072e+02 -1.5329e+00 +1.7236e-01 +2.0785e+00 +7.6438e-01 -2.7680e+00 +1.4861e+00 -1.0080e+00 +1.8458e+00 -1.6291e+00 -2.8391e+00 -7.6157e-01 +2.1471e+00 -7.1330e-01 +2.5745e-01 +9.6087e-01 +8.5474e-01 -4.9343e-01 -3.7606e+00 +1.8578e-01 +1.2076e+00
417013 +4.522510461e+01 +4.522510461e+01 +1.247051046e+02 +1.247051046e+02 -4.0065e-01 +9.5302e-01 -1.0148e+00 +3.5368e+00 -1.9578e+00 +1.5007e+00 +1.1380e+00 -7.3911e-01 -4.8899e+00 -4.8150e+00 -3.1817e+00 +4.3758e+00 -1.7756e+00 -1.3324e+00 +3.8963e+00 +2.4506e+00 +8.2620e-01 -2.3894e+00 +2.7091e+00 +2.1270e+00
496514 +4.353682157e+01 +4.353682157e+01 +1.230168216e+02 +1.230168216e+02 +1.1097e+00 -4.9796e-01 +2.7888e+00 +1.8647e+00 +3.8061e-01 +1.0980e-01 -3.1924e-01 -3.0136e-01 -2.2762e+00 -1.4718e+00 -3.3860e+00 +3.4056e+00 +8.2866e-01 +1.3018e+00 +1.9929e+00 +4.3667e+00 +1.7182e-02 -3.6030e+00 -1.4103e-01 +2.7814e+00
600778 +2.594100553e+01 +2.594100553e+01 +1.054210055e+02 +1.054210055e+02 +1.4330e+00 +4.5441e-01 -4.7948e-01 +3.0365e+00 -2.0177e+00 +1.0804e+00 -1.0568e+00 +1.0035e+00 -1.5174e+00 -2.4556e+00 -2.4955e+00 +3.5685e+00 +3.4550e+00 -7.6902e-02 +3.2306e+00 +9.4279e-01 +7.4432e-01 -2.4448e+00 +1.4154e+00 +1.2170e+00
6749299 +2.295127772e+01 +2.295127772e+01 +1.024312777e+02 +1.024312777e+02 +7.4702e-02 -3.3130e-01 -1.3545e+00 +1.8877e+00 -4.2519e+00 +2.7577e+00 +1.7313e+00 +9.1875e-01 -1.8774e+00 -3.7871e+00 -3.9243e+00 +1.8868e+00 +7.6890e-01 -8.5635e-01 +3.1256e+00 +6.9962e-01 -6.4199e-01 -3.6409e+00 +1.4242e+00 -1.3982e-01
51687170 +2.232412373e+01 +2.232412373e+01 +1.018041237e+02 +1.018041237e+02 +2.4864e+00 +6.0038e-02 -2.5583e-01 +2.3639e+00 -4.2084e+00 -4.7255e-01 -4.8522e-02 -2.0461e+00 -2.3931e+00 -4.0131e+00 -4.2272e+00 +2.7038e+00 +7.0995e-01 +6.5464e-01 +3.9894e+00 +2.5604e+00 -3.8449e-01 -3.3280e+00 +3.3648e-01 +1.4719e+00
136380040 +1.773549044e+01 +1.773549044e+01 +9.721549044e+01 +9.721549044e+01 -5.3188e-01 -1.0778e+00 -2.5001e+00 +1.1198e+00 -3.7403e+00 +9.3661e-01 -1.6559e+00 +4.4321e-01 -2.7163e+00 -3.1315e+00 -4.1768e+00 +1.3602e+00 +1.0532e+00 -2.8813e-02 +1.4167e+00 +2.7885e+00 -1.1954e+00 -2.7410e+00 +2.4040e+00 +1.8162e+00
% function evaluation | noise-free fitness - Fopt (3.944800000000e+02) | best noise-free fitness - Fopt | measured fitness | best measured fitness | x1 | x2...
1 +2.377899710e+02 +2.377899710e+02 +6.322699710e+02 +6.322699710e+02 -3.6939e-01 +4.5511e+00 -3.5654e+00 +3.9519e+00 -2.4406e+00 +2.6786e+00 +4.0625e+00 +1.6702e+00 +1.6368e-01 -2.8860e+00 +2.3582e+00 +7.8185e-01 -1.0863e+00 -4.8852e+00 -4.4312e+00 +1.4369e+00 +2.5528e+00 -1.1486e+00 -2.2215e+00 +8.5774e-01
15 +1.427616471e+02 +1.427616471e+02 +5.372416471e+02 +5.372416471e+02 -4.5638e+00 -5.7585e-02 -2.5266e+00 +3.1701e+00 +7.5453e-01 -2.0058e+00 +1.7777e-01 -2.6657e+00 -3.0011e+00 -8.7967e-01 +1.9393e+00 +1.6274e+00 -2.2878e+00 +1.5950e-01 +2.4730e+00 +4.3542e+00 -5.1148e-01 -4.0409e+00 +4.7359e+00 +1.3284e+00
241 +1.137659429e+02 +1.137659429e+02 +5.082459429e+02 +5.082459429e+02 +2.6724e+00 -3.0801e+00 -4.2692e+00 +3.4334e+00 +2.3115e+00 -1.5176e+00 +1.3797e+00 -3.1814e+00 -8.4286e-01 -3.1752e+00 +1.9677e-01 +2.0271e+00 +4.6429e-01 +2.8074e+00 +1.4550e+00 +1.1719e+00 -1.5898e-01 +1.8252e+00 -4.0578e-01 +1.0003e+00
743 +9.869130245e+01 +9.869130245e+01 +4.931713024e+02 +4.931713024e+02 +2.1413e+00 -7.7654e-01 -3.9411e+00 +2.1421e+00 +1.2793e+00 -4.3390e+00 +2.6374e+00 -3.3097e-01 -2.1770e+00 -2.7418e+00 -2.8605e-01 +2.2855e+00 +4.2735e-01 +3.0500e+00 +1.9620e+00 +1.9977e+00 -3.1598e+00 -3.2414e+00 -4.0663e-01 +3.0872e+00
8283 +8.339133572e+01 +8.339133572e+01 +4.778713357e+02 +4.778713357e+02 -1.5922e+00 +7.4491e-01 -2.5271e+00 +2.1230e+00 +1.1892e+00 -2.9928e+00 +3.6468e+00 -1.0984e+00 +1.1187e+00 -3.1805e+00 +1.9932e+00 +1.1240e-01 +3.8421e-01 +4.1049e+00 +2.2967e+00 +8.0443e-01 -3.5093e+00 -9.2786e-01 +8.5403e-01 +4.3323e+00
9644 +5.986936743e+01 +5.986936743e+01 +4.543493674e+02 +4.543493674e+02 -2.9456e+00 -1.1953e+00 -2.7685e+00 +4.9965e+00 +1.3890e+00 -3.9293e+00 +1.4809e+00 -3.4864e+00 -4.2418e-01 -3.4179e+00 +3.2891e+00 -7.3986e-01 -1.7011e+00 +4.4139e+00 -4.8952e+00 +2.7562e+00 +1.1137e+00 -3.5558e+00 +3.6771e-01 +3.3902e-01
31473 +5.413670889e+01 +5.413670889e+01 +4.486167089e+02 +4.486167089e+02 -3.7125e+00 -2.3387e+00 -2.8686e+00 +1.7982e+00 +4.4154e+00 -2.6517e+00 +2.7791e+00 +2.4181e+00 +1.5851e-01 -1.1915e+00 +1.1688e+00 -1.3644e+00 +2.7903e+00 +4.3679e+00 -4.8010e+00 +1.3977e+00 -1.2839e+00 -4.4432e-01 -1.3114e+00 +1.9282e+00
106454 +5.086556482e+01 +5.086556482e+01 +4.453455648e+02 +4.453455648e+02 -3.3245e+00 -1.9150e+00 -3.4322e+00 +2.9342e+00 -3.2613e-01 -1.4192e+00 +4.6870e-01 -1.6876e+00 -3.1436e+00 -4.5779e+00 +1.6680e+00 +3.9566e-01 +3.1427e+00 +4.6217e+00 -2.1514e+00 -5.3335e-01 -2.3969e+00 -2.7407e+00 +1.7544e+00 +3.5731e+00
273138 +4.595647546e+01 +4.595647546e+01 +4.404364755e+02 +4.404364755e+02 -9.4511e-01 -4.8590e+00 -2.5934e+00 +2.8304e+00 +5.0851e-01 -1.4759e+00 +2.2039e+00 -3.7987e-01 -7.9955e-01 -4.7759e+00 -5.7548e-01 +4.3939e-01 +1.4351e+00 +3.0093e+00 -2.1087e+00 +4.3183e+00 -4.8204e+00 -1.9122e+00 -7.5132e-01 -1.7134e+00
2020000 +4.019415994e+01 +4.019415994e+01 +4.346741599e+02 +4.346741599e+02 -4.9416e+00 -1.2896e+00 -3.8753e+00 +2.9926e+00 -6.0361e-01 -3.2237e+00 +4.2738e+00 +1.4139e+00 -7.6939e-01 -4.2864e+00 +4.2089e+00 +3.7408e+00 +2.7377e+00 +3.2610e+00 -3.0635e+00 +4.9878e+00 -3.8912e+00 -3.3125e+00 -6.0909e-01 +3.6348e+00
3726490 +3.950394100e+01 +3.950394100e+01 +4.339839410e+02 +4.339839410e+02 -4.7855e+00 -3.9250e+00 -3.9885e+00 +3.1554e+00 -3.1962e+00 -3.3978e+00 +2.9991e+00 +7.8708e-01 +5.5182e-01 -3.6783e+00 +3.6448e+00 -1.7763e-01 +3.2762e+00 +3.1610e+00 -3.5422e+00 +4.2547e+00 -3.3495e+00 -2.9205e+00 -1.0416e+00 +2.7617e+00
4148998 +3.777758328e+01 +3.777758328e+01 +4.322575833e+02 +4.322575833e+02 -4.6698e+00 -2.2025e+00 -4.9276e+00 +3.5047e+00 +1.4358e+00 -3.9627e+00 +3.8081e+00 -1.2054e+00 -1.6791e+00 -4.5239e+00 -2.4053e+00 +1.2890e+00 +2.6126e-01 +2.0875e+00 -1.9781e+00 +2.6833e+00 -4.5591e+00 -6.4836e-01 -1.2310e+00 +6.8666e-01
8595971 +3.572241379e+01 +3.572241379e+01 +4.302024138e+02 +4.302024138e+02 -4.2896e+00 -1.7537e+00 -1.2074e+00 +2.2650e+00 +1.4102e+00 -2.0100e+00 +4.0983e+00 +1.9785e+00 -2.7517e+00 -2.9474e+00 +1.6004e+00 +1.9611e-01 +9.9548e-01 +1.6212e+00 -4.6471e+00 +4.3965e+00 -3.5543e+00 -2.6427e+00 -9.2348e-01 +5.4134e-01
16854855 +2.463854961e+01 +2.463854961e+01 +4.191185496e+02 +4.191185496e+02 -2.8908e+00 -2.8004e+00 -3.1735e+00 +2.2443e+00 -1.2712e+00 -4.3488e+00 +2.6827e+00 -2.2714e+00 -1.0369e+00 -4.5566e+00 +1.2139e+00 +3.0071e+00 +4.7102e-01 +4.1377e+00 -4.1537e+00 +4.2650e+00 -2.7417e+00 -8.6122e-02 +2.0945e-01 +2.4480e+00
183265215 +1.756353937e+01 +1.756353937e+01 +4.120435394e+02 +4.120435394e+02 -4.8735e+00 -3.5550e+00 -3.8674e+00 +3.4571e+00 +1.7872e+00 -3.5844e+00 +4.3078e+00 +3.1421e-01 -1.6247e+00 -1.6839e+00 +2.7799e+00 +2.6345e+00 +7.4382e-01 +4.3695e+00 -4.6016e+00 +2.9486e+00 -4.5394e+00 -8.3211e-01 -4.0279e-03 +2.8075e-01
% function evaluation | noise-free fitness - Fopt (-2.471100000000e+02) | best noise-free fitness - Fopt | measured fitness | best measured fitness | x1 | x2...
1 +3.425764427e+02 +3.425764427e+02 +9.546644267e+01 +9.546644267e+01 -1.6670e+00 +2.3203e+00 +1.4861e-01 +1.4962e+00 -3.0255e+00 -5.8305e-01 -2.7721e+00 +3.7644e+00 +3.8988e+00 -7.1290e-01 -2.1935e+00 +5.4660e-01 -2.5139e-02 -3.7187e+00 -3.5290e+00 +3.3784e+00 -1.0537e+00 +2.2214e+00 -3.5497e+00 -1.8950e+00
2 +2.250413432e+02 +2.250413432e+02 -2.206865678e+01 -2.206865678e+01 +3.4276e+00 +2.3981e+00 -7.9661e-01 -1.2709e+00 -4.7903e+00 -3.2361e+00 +2.1067e+00 -2.5944e+00 -7.7467e-01 -5.6140e-01 +2.0076e+00 +4.4644e+00 -4.1862e+00 +4.5392e+00 +2.6182e+00 +2.7263e+00 +2.7972e+00 -2.6828e+00 -2.9688e+00 +1.5143e+00
4 +1.920771031e+02 +1.920771031e+02 -5.503289686e+01 -5.503289686e+01 -4.5559e+00 +2.8035e+00 -1.4782e+00 +4.6571e+00 -3.8733e+00 +1.2255e+00 +4.9770e+00 -5.6667e-01 -2.2154e+00 +2.1162e+00 -6.8730e-01 -2.6333e+00 -2.2815e+00 +1.8704e+00 +2.2645e+00 -3.2696e+00 +4.6289e+00 +1.0730e+00 +8.0901e-01 -3.8272e+00
23 +1.786026044e+02 +1.786026044e+02 -6.850739562e+01 -6.850739562e+01 +1.6035e+00 -3.1405e+00 +1.0917e+00 -1.3309e+00 -9.0550e-01 +2.0444e+00 +4.5995e-01 -3.8374e+00 +2.6897e+00 -4.6647e+00 +2.2345e+00 +1.0142e+00 +2.5216e+00 +3.1424e+00 +3.2586e+00 -2.5267e+00 -3.0784e+00 +5.6925e-01 +1.9172e+00 +1.2453e+00
38 +1.276380750e+02 +1.276380750e+02 -1.194719250e+02 -1.194719250e+02 -4.6539e+00 +1.3851e-01 -4.6559e+00 -3.0574e-01 +1.5416e+00 -2.0534e-01 +1.4362e+00 -9.5301e-01 -1.0489e+00 +2.3551e+00 +7.3272e-01 -2.8653e+00 +1.4813e+00 -9.2023e-01 -5.7001e-01 +1.3815e+00 +8.3340e-01 +2.1330e-01 +4.6923e+00 +1.3164e+00
203 +1.214032964e+02 +1.214032964e+02 -1.257067036e+02 -1.257067036e+02 +3.1502e-01 -4.5446e-01 -1.7852e+00 +2.7067e-01 -4.2003e+00 -2.0591e+00 +1.2684e-01 -4.2306e+00 -1.7056e+00 -1.4176e-02 +2.1387e+00 -9.8318e-01 +7.3486e-01 +4.1653e-01 +6.9690e-01 +1.8225e+00 +9.0504e-02 +3.2961e+00 +2.9714e+00 -1.5194e+00
398 +1.137739361e+02 +1.137739361e+02 -1.333360639e+02 -1.333360639e+02 -2.3446e+00 -8.0054e-01 -1.4327e+00 +2.3233e+00 -3.0388e+00 +1.9217e+00 +2.5237e+00 +1.3225e+00 +1.3499e+00 +3.4195e+00 +3.7106e+00 +2.5887e+00 +5.2282e-01 +2.0179e+00 +1.3794e+00 -2.4171e+00 +2.0576e+00 -3.2701e+00 -1.8385e-01 +1.5410e+00
476 +1.006535127e+02 +1.006535127e+02 -1.464564873e+02 -1.464564873e+02 -2.9548e-01 -4.2531e+00 +3.0669e-01 -3.4021e+00 -3.9312e+00 +3.1539e+00 +4.0714e-01 -4.2287e+00 -1.9661e+00 +5.8651e-01 +2.4892e+00 -1.4481e+00 +2.8675e+00 -1.2947e+00 +3.9482e+00 -4.3582e+00 +2.9062e-01 -1.4465e+00 +3.6999e+00 +1.5125e+00
1785 +9.522536760e+01 +9.522536760e+01 -1.518846324e+02 -1.518846324e+02 -2.2908e+00 -3.7676e-01 +7.9601e-01 +8.0543e-03 +1.7126e-01 +2.8512e+00 +1.3715e+00 -3.7604e+00 +1.6572e+00 +3.7114e+00 +9.3411e-01 +1.7245e+00 -1.9826e+00 +4.0074e+00 +2.4529e+00 +4.3951e+00 +4.7912e+00 +1.6000e+00 +2.3118e+00 +6.3456e-01
2979 +9.226454423e+01 +9.226454423e+01 -1.548454558e+02 -1.548454558e+02 -3.8615e+00 +3.2024e+00 -2.5850e+00 -1.8297e+00 -2.0577e+00 +3.7538e+00 +4.3978e+00 -1.3052e+00 +1.2085e+00 +4.9389e-01 +2.7440e+00 +2.4364e-01 +4.6119e+00 -2.1811e+00 +3.9740e+00 -3.3824e+00 +2.5603e+00 -3.1041e+00 +4.1982e+00 +4.2127e+00
4926 +8.652203960e+01 +8.652203960e+01 -1.605879604e+02 -1.605879604e+02 -3.2075e-02 -2.6614e-01 +6.3927e-01 -3.3528e+00 -2.7504e-01 +1.9436e+00 +2.9917e+00 -2.0883e+00 +7.2217e-01 +4.9351e+00 +2.4715e+00 -2.2645e-01 -1.4788e+00 +4.8602e+00 +3.7236e-01 +5.5811e-03 +3.4574e+00 -5.2118e-01 +5.1699e-01 +7.4377e-02
9580 +5.740420281e+01 +5.740420281e+01 -1.897057972e+02 -1.897057972e+02 -9.5058e-01 -5.0690e-01 +2.1837e+00 -3.6542e+00 -1.8143e+00 +7.6433e-01 +9.8649e-01 -4.5759e+00 -3.9208e+00 +3.8652e+00 +2.2445e+00 +3.9432e+00 +4.0736e+00 +3.2208e-01 +3.9991e+00 +7.5277e-01 +4.0969e+00 +1.7954e+00 +1.9510e+00 +1.4873e+00
55102 +5.101270653e+01 +5.101270653e+01 -1.960972935e+02 -1.960972935e+02 -3.3894e+00 -2.1913e+00 -4.5605e+00 -1.5252e+00 -3.6195e+00 +8.2001e-01 +2.7145e+00 -1.8273e+00 -1.6780e-01 +9.8692e-01 +2.1065e+00 -7.4243e-01 +2.2235e+00 -6.6360e-01 +4.7264e+00 +2.0245e+00 +4.1421e+00 -1.5009e-01 +3.6522e-01 +4.9897e-01
76068 +4.192988665e+01 +4.192988665e+01 -2.051801134e+02 -2.051801134e+02 -2.5156e+00 +3.8971e-01 -6.5840e-01 -3.9276e+00 -4.4329e+00 +1.2689e+00 +4.8409e+00 -4.7369e+00 -1.2459e+00 +3.5296e+00 +2.6285e+00 -7.9162e-01 +4.5143e-01 -1.2591e+00 +2.7083e+00 -1.5048e+00 +3.5126e+00 +2.9100e+00 +1.0845e+00 -1.0710e-01
1207904 +3.860571958e+01 +3.860571958e+01 -2.085042804e+02 -2.085042804e+02 -4.4923e+00 -2.5129e+00 -9.2784e-01 -2.7882e+00 -4.0247e+00 +4.4513e+00 +1.7008e+00 -1.6956e+00 -1.9171e+00 +3.3810e+00 +3.7307e+00 +2.7569e+00 +2.8419e+00 +2.3464e+00 +3.4022e+00 +2.4122e+00 +3.6345e+00 +5.1981e-01 +3.1327e+00 -1.1428e+00
1389819 +3.315783224e+01 +3.315783224e+01 -2.139521678e+02 -2.139521678e+02 -4.7382e+00 +2.1767e+00 -2.0220e+00 -2.2818e+00 -4.7742e+00 +2.7433e+00 +1.7548e+00 -3.2618e+00 +4.9510e-01 +4.9596e+00 +1.7599e+00 +2.3888e+00 +2.8531e+00 -7.4506e-01 +3.6223e+00 +7.8907e-01 +2.2125e+00 -2.4874e+00 +4.2422e+00 +1.5362e-01
12456493 +3.115900798e+01 +3.115900798e+01 -2.159509920e+02 -2.159509920e+02 -3.6118e+00 +7.1607e-01 -4.8995e-01 -8.3509e-01 -2.6449e+00 +1.8604e+00 +1.8082e+00 -3.5930e+00 +9.5469e-01 +8.0356e-01 +2.8180e+00 +1.0204e+00 +4.5215e+00 +1.6586e+00 +4.8952e+00 -8.3757e-01 +2.8856e+00 -1.7568e+00 +4.5766e-02 +1.2879e+00
47917913 +2.713406236e+01 +2.713406236e+01 -2.199759376e+02 -2.199759376e+02 -1.9929e+00 -6.4487e-03 -2.3849e+00 -3.2236e+00 -1.8595e+00 +2.8486e+00 +4.6630e+00 -2.9864e+00 +1.3056e+00 +2.1702e+00 +2.3488e+00 +1.8689e+00 +4.3860e+00 +2.1843e+00 +1.8508e+00 +3.1462e-01 +2.5023e+00 +9.8116e-02 +2.3055e+00 +2.3897e+00
109862388 +2.128842661e+01 +2.128842661e+01 -2.258215734e+02 -2.258215734e+02 -4.2994e+00 -4.9144e-01 +1.6104e+00 -3.8019e+00 -1.5041e+00 +1.9344e+00 +3.2670e+00 -2.8395e+00 -1.3135e+00 +1.3306e+00 +2.4128e+00 +1.9967e+00 +4.6616e+00 +2.0432e-01 +2.5542e+00 +8.8478e-01 +3.1011e+00 +3.0637e-02 +1.1391e+00 +5.0796e-01
% function evaluation | noise-free fitness - Fopt (-1.520400000000e+02) | best noise-free fitness - Fopt | measured fitness | best measured fitness | x1 | x2...
1 +2.978892671e+02 +2.978892671e+02 +1.458492671e+02 +1.458492671e+02 -2.5260e+00 -3.9817e+00 -2.0512e+00 -3.1707e-01 +3.4552e+00 -1.9171e+00 -4.4101e+00 +3.4030e+00 +3.6295e+00 -4.7251e+00 -2.5038e+00 +4.8869e+00 -1.4838e-01 +1.4915e+00 -7.0637e-01 -1.6642e+00 +4.4382e+00 -3.6914e-01 -3.0196e+00 -2.2554e+00
3 +2.929282249e+02 +2.929282249e+02 +1.408882249e+02 +1.408882249e+02 -2.4516e+00 +3.4952e+00 +3.5128e+00 +3.3160e+00 -4.4686e+00 +1.0594e+00 +1.2433e-01 +4.7193e+00 -1.7785e+00 -1.1243e+00 -4.6820e+00 -4.3157e+00 -4.8861e+00 -5.5123e-01 -1.6052e+00 +9.2276e-01 -4.2740e+00 -3.6611e+00 +2.7917e+00 +7.2783e-01
6 +2.483822124e+02 +2.483822124e+02 +9.634221237e+01 +9.634221237e+01 -3.6174e+00 -8.5607e-01 +4.4360e+00 +2.8822e+00 -3.7808e+00 -1.4040e+00 -1.8468e-01 -1.3114e+00 -1.0071e+00 +8.0157e-01 +8.7173e-01 -2.2436e+00 +1.5658e+00 -7.2004e-01 -4.7707e+00 +3.1980e+00 +1.8054e+00 +3.9329e+00 -2.9769e+00 +2.2588e+00
7 +2.399691658e+02 +2.399691658e+02 +8.792916578e+01 +8.792916578e+01 -1.1848e+00 -1.7349e+00 +1.8505e+00 +3.8626e+00 -6.3375e-01 +1.8046e+00 -6.2960e-01 +1.2668e-01 -4.8711e+00 +4.5770e+00 +3.7109e+00 +1.9076e+00 +1.7658e+00 +1.1271e+00 -4.7366e+00 +1.4556e+00 -1.7220e+00 -6.4437e-01 -3.8249e+00 +1.2628e+00
17 +2.264944573e+02 +2.264944573e+02 +7.445445729e+01 +7.445445729e+01 -3.1729e+00 -1.8243e+00 -6.0561e-01 -1.0476e+00 -3.4865e+00 -2.8916e+00 -3.6611e+00 +4.1425e+00 -2.3855e+00 +3.0927e+00 +1.2422e+00 -3.8842e+00 -9.9401e-01 +2.3290e-01 -4.2588e+00 -2.1687e+00 +4.6886e+00 +2.8135e+00 +3.0701e+00 +2.5632e+00
19 +2.126754768e+02 +2.126754768e+02 +6.063547683e+01 +6.063547683e+01 -1.7771e-01 +4.9796e+00 -4.5638e-01 +9.7750e-01 +4.8611e+00 +4.8551e+00 -4.2593e+00 +1.1858e+00 +8.8481e-01 +1.1338e-01 -6.7368e-01 -2.1433e+00 +2.9390e+00 +1.4954e+00 -4.8719e+00 -1.5710e+00 -2.8271e+00 -6.5429e-01 -4.6995e-01 -1.2524e-02
21 +1.983957996e+02 +1.983957996e+02 +4.635579957e+01 +4.635579957e+01 -1.7890e+00 +3.9571e+00 +2.1075e+00 -2.0205e+00 -1.0725e+00 -3.2183e+00 -3.0781e+00 -4.7877e+00 +1.6855e+00 +2.6901e+00 +5.2503e-01 +2.0653e+00 -5.6283e-01 +1.2503e+00 -2.8794e+00 +3.9498e+00 +2.8356e+00 +4.5015e+00 +2.5833e-01 +2.9422e+00
27 +1.678090335e+02 +1.678090335e+02 +1.576903353e+01 +1.576903353e+01 -2.1244e+00 -1.6290e+00 -3.1572e+00 +3.3419e+00 +1.9908e+00 +8.8547e-02 +3.7913e+00 -4.9507e+00 -3.0242e+00 +3.2843e+00 +1.0948e+00 +2.0343e+00 +6.1248e-01 -3.1088e-01 -2.5997e+00 -6.7994e-01 -5.7036e-02 +2.5981e+00 +2.4589e+00 +4.6284e+00
30 +1.547094252e+02 +1.547094252e+02 +2.669425199e+00 +2.669425199e+00 -2.8164e-01 +1.2345e+00 +2.1586e+00 +6.4445e-01 +4.2438e-01 +1.5085e+00 -9.6984e-01 +4.0316e+00 +2.7444e-01 +4.0048e-01 -7.4277e-01 -4.0815e+00 -1.8398e+00 -4.6807e-01 +1.1573e+00 -2.5623e+00 -1.3568e-01 -2.6358e+00 -4.5363e+00 +3.7901e+00
114 +1.405314769e+02 +1.405314769e+02 -1.150852309e+01 -1.150852309e+01 +3.4391e+00 +5.9913e-01 -3.6412e+00 +3.6300e-01 -3.1300e+00 +6.7732e-01 -1.5691e+00 -6.6806e-01 +2.0702e+00 +2.5783e+00 +1.4681e+00 -2.1666e+00 +1.1174e+00 +1.6155e+00 -3.3240e+00 +4.5279e+00 +1.1639e+00 +3.5764e+00 -2.2578e+00 +8.2828e-01
136 +1.355611632e+02 +1.355611632e+02 -1.647883677e+01 -1.647883677e+01 +1.9043e+00 -1.2421e+00 -3.0106e+00 -4.0799e+00 +6.8562e-01 -1.7001e+00 -3.8126e+00 +1.0022e+00 +1.7261e+00 +4.7071e+00 +2.0174e+00 -4.0154e+00 -2.9917e+00 +2.9022e+00 -1.4500e+00 -2.6867e+00 -1.5277e+00 +5.1498e-01 -2.5988e+00 +4.8724e+00
246 +9.383396007e+01 +9.383396007e+01 -5.820603993e+01 -5.820603993e+01 -1.3638e-01 +3.0176e+00 -3.8475e+00 +3.4447e+00 +3.0315e+00 +4.0124e+00 -8.2563e-01 -1.6611e+00 +1.6433e+00 +4.0105e+00 +4.5959e-01 -4.7149e+00 -1.9003e+00 +1.3586e+00 +4.2134e+00 +2.3949e+00 +7.6204e-01 -2.2596e+00 +2.8570e+00 -8.3538e-01
2349 +8.638059542e+01 +8.638059542e+01 -6.565940458e+01 -6.565940458e+01 +8.8313e-02 +4.5514e-01 -2.9898e+00 +3.8412e+00 +2.6045e+00 -1.3411e+00 -1.1537e+00 -3.6946e+00 -3.2492e+00 +2.1985e+00 -2.9186e+00 +4.8968e-03 -1.5065e+00 +3.5537e+00 -9.8417e-01 -1.2053e+00 +3.1451e+00 +3.4606e+00 +2.6470e+00 +2.0480e+00
3011 +7.587698778e+01 +7.587698778e+01 -7.616301222e+01 -7.616301222e+01 -7.8337e-01 +4.1327e+00 -1.2168e+00 +3.2160e+00 +3.7660e+00 -1.7345e+00 -8.9557e-01 +2.7799e+00 +1.3440e-01 +4.1721e+00 -3.3630e+00 -8.9707e-01 -1.6067e+00 +2.1261e+00 -3.9249e+00 +9.0554e-02 +2.2008e+00 -8.1086e-04 -1.1015e+00 +2.0510e+00
18189 +6.110207281e+01 +6.110207281e+01 -9.093792719e+01 -9.093792719e+01 -7.1699e-02 -3.7613e+00 -4.5891e+00 +2.3878e+00 +4.3222e+00 -7.8150e-01 -2.7262e-01 +3.8185e-01 +9.1992e-01 +3.7140e+00 -3.9466e+00 -4.5850e-01 -2.5245e+00 +2.2199e+00 +5.0563e-01 -5.1116e-01 +2.4950e+00 -7.6256e-01 +5.7593e-01 +2.5140e+00
117876 +5.514143484e+01 +5.514143484e+01 -9.689856516e+01 -9.689856516e+01 -1.1511e+00 -1.1444e+00 -1.4011e+00 +2.0631e+00 +1.2613e+00 +9.7306e-01 -5.5092e-01 +1.6058e-01 +2.6026e+00 +1.9646e+00 -3.8387e+00 -4.4161e+00 -1.0319e+00 +4.4406e+00 -1.8489e+00 +2.3459e+00 +1.9051e+00 +2.6656e+00 +4.0884e-01 +3.0565e+00
121012 +5.315236577e+01 +5.315236577e+01 -9.888763423e+01 -9.888763423e+01 -3.8466e+00 +3.3402e+00 -1.6651e+00 +1.5063e+00 +2.8299e+00 +5.5836e-01 -8.8750e-01 -1.0365e+00 +4.8612e-01 +1.9048e+00 -1.7008e+00 -4.8072e+00 -3.8745e+00 +2.9715e+00 -2.5455e+00 -2.5158e-01 +2.9512e+00 +2.2075e+00 +1.2783e+00 +3.0855e+00
627121 +5.032957701e+01 +5.032957701e+01 -1.017104230e+02 -1.017104230e+02 -7.3752e-01 +1.8097e+00 -1.1300e+00 +4.7991e+00 +2.6222e+00 -5.8511e-01 -1.2213e+00 +4.4185e-01 -5.4308e-01 +8.8993e-01 -3.7462e+00 -2.6768e+00 -4.1961e+00 +4.4135e+00 -4.9948e-01 +1.0848e+00 -1.7981e-01 -8.4291e-01 -3.7179e+00 +3.7093e+00
758962 +4.943020628e+01 +4.943020628e+01 -1.026097937e+02 -1.026097937e+02 +1.6282e+00 +3.3003e+00 -1.2684e+00 +1.3286e+00 -7.7279e-01 +4.3362e-01 -9.7953e-01 -8.4797e-01 +3.0695e+00 +2.3958e+00 +5.5298e-01 -4.3229e+00 -3.2110e+00 +2.0153e+00 -2.0984e-01 +2.2052e+00 +5.0064e-01 +1.9483e+00 +9.7496e-01 +3.2050e+00
987329 +2.813118662e+01 +2.813118662e+01 -1.239088134e+02 -1.239088134e+02 -2.2448e-01 +2.9973e+00 -3.5257e+00 +4.5951e+00 +3.2992e+00 -1.2755e+00 -1.1904e+00 -1.6650e+00 +5.4968e-01 +1.7063e+00 -1.3080e+00 -2.8906e+00 -3.7254e-01 +4.5307e+00 -1.2338e-01 +2.6205e-01 +1.8829e+00 +1.5226e+00 -5.1308e-01 +4.2176e+00
10457697 +2.463562148e+01 +2.463562148e+01 -1.274043785e+02 -1.274043785e+02 +1.5501e+00 +2.4533e+00 -3.1886e+00 +3.4212e+00 +2.2030e+00 +1.4748e+00 +6.6337e-02 +1.7258e-01 +1.4771e+00 +3.6279e+00 +1.6865e+00 -1.9688e+00 -4.8885e+00 +4.0799e+00 -1.2605e+00 +1.6234e+00 +2.9613e+00 +3.6784e-01 +1.8351e+00 +4.3781e+00
% function evaluation | noise-free fitness - Fopt (-2.525000000000e+01) | best noise-free fitness - Fopt | measured fitness | best measured fitness | x1 | x2...
1 +2.046247446e+02 +2.046247446e+02 +1.793747446e+02 +1.793747446e+02 +1.1944e+00 -1.3335e+00 -6.3210e-01 -1.3482e+00 -3.5320e+00 +4.5535e+00 -1.5515e-02 +2.1569e+00 +4.6606e+00 -1.6374e-01 +8.6759e-01 +4.9686e+00 +1.7627e+00 +1.4975e+00 +2.3430e+00 -2.4739e+00 -3.0095e+00 +2.7048e+00 -3.5120e+00 +4.2918e-01
3 +2.030996489e+02 +2.030996489e+02 +1.778496489e+02 +1.778496489e+02 +1.3234e+00 +4.8627e-01 +2.6967e+00 -4.5469e+00 -1.9345e+00 -4.0352e+00 -3.1008e+00 -2.6180e+00 +2.3268e+00 +3.4761e+00 -2.3088e-01 +2.3095e+00 -3.7057e+00 +4.4853e+00 -1.4245e+00 +4.9815e+00 -2.1536e+00 -4.1326e+00 -1.5238e+00 -4.9086e+00
13 +1.951139628e+02 +1.951139628e+02 +1.698639628e+02 +1.698639628e+02 +6.8363e-01 +2.3836e+00 -1.5173e+00 +1.4151e+00 +3.4674e+00 -3.7154e-01 +4.2431e+00 -8.6308e-01 +1.8436e+00 +1.6630e+00 +2.4516e+00 +1.3749e-01 +5.2173e-02 +3.7550e+00 -2.1005e+00 +4.6877e+00 +4.2105e+00 +3.0878e+00 +2.2076e+00 +2.3008e-02
19 +1.079937390e+02 +1.079937390e+02 +8.274373898e+01 +8.274373898e+01 +5.2813e-01 -4.4343e+00 -3.8852e+00 -1.4347e+00 +1.3382e+00 -3.6071e-02 -1.0577e+00 -1.6484e+00 -9.1606e-01 +4.4867e-01 +4.6403e+00 +1.8471e-01 -3.6531e+00 -2.9684e+00 +3.5473e+00 +1.6093e+00 +2.3101e+00 -1.0905e+00 -3.1950e+00 -3.4362e+00
220 +1.035882750e+02 +1.035882750e+02 +7.833827502e+01 +7.833827502e+01 +4.1090e+00 -8.5639e-01 -2.8585e+00 -2.7969e-01 -1.0172e+00 +3.4997e+00 -4.0083e-01 -3.9696e-01 +3.6181e+00 -4.1631e+00 +1.1608e+00 +4.3009e+00 -3.2478e+00 -1.3485e+00 -1.6655e+00 -1.4728e+00 -1.6886e+00 +2.2771e+00 -1.6742e+00 -5.5047e-01
454 +8.081525912e+01 +8.081525912e+01 +5.556525912e+01 +5.556525912e+01 +3.5441e+00 +1.7758e+00 +4.4335e-01 -2.5782e+00 +6.1088e-02 -1.4734e-01 -2.6447e+00 -3.2500e+00 +2.9771e-01 -3.0488e+00 +1.0689e-01 +3.6917e+00 +3.0436e-01 +5.7411e-01 -3.1770e+00 +1.1114e+00 -1.9037e+00 -9.1969e-01 -7.8529e-02 -4.4273e+00
1789 +6.997158575e+01 +6.997158575e+01 +4.472158575e+01 +4.472158575e+01 +1.4890e+00 +5.2786e-01 -1.0973e+00 -2.0617e+00 +7.0611e-01 -9.4332e-01 -2.0974e+00 +4.0286e-01 +2.8062e-01 -2.6148e+00 +3.7683e+00 +2.6561e-01 -1.0819e+00 -2.0827e+00 -3.5462e+00 -5.0595e-02 -2.3812e+00 +5.9086e-01 -1.5309e+00 -2.3610e+00
11333 +6.082738972e+01 +6.082738972e+01 +3.557738972e+01 +3.557738972e+01 +3.6169e+00 +5.9640e-01 -2.9965e-01 -3.9607e+00 +1.6506e+00 +1.9910e+00 -1.6831e+00 -2.8886e+00 +9.8003e-02 -3.9594e+00 +3.4599e+00 +1.5305e+00 +7.1975e-02 -3.7614e-01 -2.2921e-02 +4.2124e+00 -4.0449e+00 -1.4525e+00 +1.6575e+00 -3.0249e+00
22663 +4.936327831e+01 +4.936327831e+01 +2.411327831e+01 +2.411327831e+01 +3.0926e+00 +3.3313e+00 +8.0710e-01 -1.9952e+00 +1.5605e+00 +8.1774e-01 -1.7566e+00 -1.6870e-01 +2.8991e-01 -3.6274e+00 -9.8585e-01 -4.0173e-01 -9.3358e-01 +1.4958e+00 +1.0843e+00 +1.8337e+00 +7.2220e-01 -2.1193e-01 +1.3378e+00 -1.7056e+00
75382 +4.517567895e+01 +4.517567895e+01 +1.992567895e+01 +1.992567895e+01 +3.1852e+00 +3.5199e+00 -1.9421e+00 -1.9271e+00 +2.9283e+00 +1.0326e+00 -3.9988e-01 -8.6116e-01 +2.5830e+00 -2.7707e+00 +1.4022e+00 -6.7537e-01 -3.9164e+00 +2.6576e+00 +4.2215e+00 +6.3340e-01 -1.6830e-01 +1.6013e-01 -1.1772e+00 -3.4093e+00
86479 +4.051245736e+01 +4.051245736e+01 +1.526245736e+01 +1.526245736e+01 +3.4970e+00 +1.0983e+00 -2.0313e+00 -7.8997e-01 +2.9039e+00 +9.1589e-01 -1.1021e+00 +2.4757e-01 -8.0164e-01 -2.7663e+00 +2.3652e+00 +1.9066e+00 -3.2421e+00 +1.0698e-01 +2.4080e+00 +2.1189e+00 +1.1201e+00 +2.2307e+00 -9.2536e-01 -3.2670e+00
290616 +3.654799417e+01 +3.654799417e+01 +1.129799417e+01 +1.129799417e+01 +2.3216e+00 +8.3885e-01 +1.7821e-02 -1.2519e+00 +1.7145e+00 -2.0159e+00 -9.6158e-01 +7.7373e-02 +9.9015e-01 -1.6508e+00 +2.6863e+00 +2.6922e+00 -2.7429e+00 +3.8698e+00 +1.5622e+00 +8.5839e-01 +1.8129e-01 -1.8918e+00 +5.0378e-01 -9.0388e-01
3752077 +3.430322962e+01 +3.430322962e+01 +9.053229619e+00 +9.053229619e+00 +3.1186e+00 +2.7596e+00 -1.5436e+00 -3.6437e+00 +4.7531e+00 -8.2858e-01 -3.2385e+00 -2.9284e+00 +1.0649e+00 -5.8202e-01 +4.6217e+00 -8.0504e-01 -2.0801e+00 -4.3884e-01 +3.1588e+00 -5.7048e-01 +4.4257e-01 -1.5192e+00 +1.7811e+00 -3.4044e+00
6259887 +3.039706616e+01 +3.039706616e+01 +5.147066157e+00 +5.147066157e+00 +4.5466e+00 +3.4182e+00 -1.8536e+00 -2.4627e+00 +1.6990e+00 +6.6787e-01 -8.5439e-01 -4.0293e-01 +1.9667e+00 -2.5642e+00 +1.4512e+00 +1.6547e+00 -4.4284e+00 +7.6179e-01 +2.4747e+00 -8.0756e-01 +7.7990e-01 -2.7672e+00 +1.7933e+00 -1.1347e+00
11168042 +2.233679127e+01 +2.233679127e+01 -2.913208732e+00 -2.913208732e+00 +4.2631e+00 +6.2874e-01 -1.7365e+00 -4.0984e+00 +3.5177e+00 -1.2521e+00 -1.3315e+00 -2.3234e+00 +9.4845e-01 -3.4617e+00 +3.3678e+00 +1.3475e+00 -4.6255e-01 +1.4541e+00 +4.7474e-01 +1.7297e-04 -4.5033e-02 -3.1060e-01 -1.0898e+00 -2.1905e-03
94463499 +1.906910609e+01 +1.906910609e+01 -6.180893905e+00 -6.180893905e+00 +3.6765e+00 +1.3999e+00 -1.9918e+00 -6.2418e-01 +3.0342e+00 -1.0983e+00 -3.7911e+00 -2.5217e+00 +6.5128e-01 -2.4857e+00 +2.4648e+00 +1.3363e+00 -1.7686e+00 -1.8898e+00 +1.8324e+00 +9.7645e-01 -2.3079e+00 -1.4878e+00 -1.3110e-01 -3.1629e+00
% function evaluation | noise-free fitness - Fopt (-1.850700000000e+02) | best noise-free fitness - Fopt | measured fitness | best measured fitness | x1 | x2...
1 +3.624099665e+02 +3.624099665e+02 +1.773399665e+02 +1.773399665e+02 -2.0315e+00 -3.8091e+00 +2.9216e+00 -5.8434e-01 -3.5250e+00 +2.6237e+00 +4.1373e+00 -1.6622e+00 -2.7596e-02 +2.7553e+00 +7.4214e-01 -9.2222e-01 +4.8327e+00 +2.3399e-01 -2.8918e+00 +2.0727e+00 -4.7090e+00 +3.7334e+00 +3.2244e+00 +4.6005e+00
2 +2.467678020e+02 +2.467678020e+02 +6.169780202e+01 +6.169780202e+01 -3.8659e-01 -2.4341e+00 -9.5093e-01 +4.4689e+00 +1.8118e+00 +4.7635e+00 +9.2820e-01 +4.4011e-02 +9.8270e-01 +5.6375e-02 +3.9401e+00 -2.6394e+00 +3.3708e+00 -1.4635e+00 -2.9692e+00 +2.7996e+00 +4.1713e+00 -3.6936e+00 -1.7960e+00 +4.6323e-01
5 +2.276779998e+02 +2.276779998e+02 +4.260799981e+01 +4.260799981e+01 -3.3326e-01 +3.7770e+00 +8.8833e-01 -1.2507e+00 +4.0967e+00 -2.3623e+00 -4.4960e+00 -4.2667e+00 +8.6718e-01 +2.6587e+00 -3.7473e+00 +3.2964e+00 +3.3176e+00 -4.3834e+00 -3.5685e+00 +3.3069e+00 -1.8243e+00 -1.4423e+00 -5.9793e-01 +2.5797e-01
20 +1.982171129e+02 +1.982171129e+02 +1.314711285e+01 +1.314711285e+01 -4.5711e+00 +3.1976e+00 +1.4534e+00 +4.1007e+00 -4.3749e+00 -2.3595e+00 -1.5910e+00 -3.6730e+00 -2.7540e+00 -2.9212e+00 +1.5109e+00 -1.0643e+00 +1.9696e+00 -7.2113e-02 +4.2576e+00 +2.5379e+00 -4.4431e+00 -4.2277e+00 -1.3001e+00 +4.0195e+00
22 +1.741362864e+02 +1.741362864e+02 -1.093371358e+01 -1.093371358e+01 +2.6170e+00 -3.8134e+00 -3.5507e-01 +3.7086e+00 +1.7431e+00 +1.6686e+00 +2.8065e+00 +5.5320e-01 -4.1544e+00 -4.4786e+00 +8.6842e-01 +7.6871e-01 +8.0582e-01 -3.3788e+00 -2.7236e-01 +4.6832e+00 -1.9944e+00 +2.8567e+00 +2.8896e-01 -3.0557e+00
57 +1.397147585e+02 +1.397147585e+02 -4.535524146e+01 -4.535524146e+01 +2.8904e+00 +1.0747e+00 -2.0375e+00 +4.6541e-01 +2.9152e+00 -1.0975e+00 -2.2066e+00 -3.2079e+00 +2.8189e+00 +9.8654e-01 +2.3963e+00 -1.9070e+00 -1.3966e+00 -2.7407e+00 +8.7238e-01 +7.8671e-01 +3.9006e+00 -1.5037e+00 +4.2248e-01 -7.5597e-01
69 +1.194247970e+02 +1.194247970e+02 -6.564520296e+01 -6.564520296e+01 -2.9203e+00 +2.6183e+00 +7.0203e-01 -3.3695e+00 -1.0976e+00 +1.5730e+00 +2.3947e+00 -1.5184e+00 +2.5732e+00 -3.0151e+00 +3.2185e+00 +8.9364e-01 +4.6402e+00 -2.2583e+00 +8.1102e-01 +4.3431e+00 +5.7178e-01 -3.1638e+00 +4.4054e+00 -1.7545e-01
134 +1.139888460e+02 +1.139888460e+02 -7.108115399e+01 -7.108115399e+01 +4.9872e+00 +4.3392e+00 +2.9213e+00 +2.5602e+00 +3.0888e+00 +1.5267e+00 -2.4706e+00 -2.7716e+00 +4.0336e+00 -3.3824e+00 +1.8315e+00 -5.2749e-01 +4.7717e+00 -3.6157e+00 +2.1688e+00 +1.6703e+00 -1.1692e+00 +3.2917e+00 +3.1555e-01 -1.4244e+00
557 +1.094159025e+02 +1.094159025e+02 -7.565409746e+01 -7.565409746e+01 +2.0165e+00 +4.2238e+00 +4.2196e+00 +2.3576e+00 +4.7149e-02 -3.9702e+00 +2.2797e+00 +3.4175e+00 +1.1524e+00 -4.5078e+00 +4.0681e+00 +1.2350e+00 -1.5331e+00 -3.1247e+00 +4.3671e+00 +3.2163e+00 -9.1692e-01 +1.5351e+00 +3.5908e+00 +1.4324e+00
1090 +1.016045050e+02 +1.016045050e+02 -8.346549502e+01 -8.346549502e+01 +4.2584e+00 +3.2894e-01 +3.2740e+00 +3.2137e+00 -7.5616e-01 -4.5175e+00 +1.4920e+00 -7.0871e-01 -1.6195e+00 -3.7635e+00 -5.1088e-01 +1.9637e-01 +3.8094e+00 -1.8260e+00 +3.6446e+00 -2.7887e+00 -6.4547e-01 -2.7369e+00 +4.9572e+00 -3.5440e+00
4407 +8.306684065e+01 +8.306684065e+01 -1.020031594e+02 -1.020031594e+02 +1.1920e+00 +1.3169e+00 +1.2434e+00 -1.8155e+00 +3.2899e+00 -1.9306e+00 -6.5765e-01 -3.8378e+00 +1.0442e+00 -2.3246e+00 -2.1320e-01 +6.6306e-01 +9.6933e-01 -1.5601e+00 +4.0914e+00 +3.7373e+00 -9.6525e-01 -1.0479e+00 +4.3960e+00 +1.4198e+00
5528 +6.240883592e+01 +6.240883592e+01 -1.226611641e+02 -1.226611641e+02 -1.2767e+00 +2.8468e+00 +7.3098e-01 +3.8389e+00 -4.2351e+00 -3.8818e+00 +4.4488e-02 -2.0192e+00 +8.3092e-01 -4.8973e+00 +2.5578e+00 -2.9347e+00 +1.2471e+00 -3.3819e+00 +4.9565e+00 +4.9072e+00 -2.0049e+00 +1.1040e+00 +4.0527e+00 -3.2108e+00
51195 +5.456567376e+01 +5.456567376e+01 -1.305043262e+02 -1.305043262e+02 +3.6890e+00 +3.4225e+00 +3.8444e+00 +4.2349e+00 -2.0733e+00 -3.6360e+00 +6.4479e-01 +5.2301e-01 +2.6756e+00 -1.9106e+00 +1.2803e-01 +1.8215e+00 +1.2258e+00 -1.9172e+00 +3.8237e+00 +3.2747e+00 -5.2963e-01 +1.7935e-01 +4.5871e+00 -4.6571e+00
248654 +5.351935132e+01 +5.351935132e+01 -1.315506487e+02 -1.315506487e+02 +1.0928e-02 -3.2761e-01 +1.3339e+00 +3.5441e+00 +5.3883e-01 +1.3895e+00 -3.6929e-01 -3.3494e+00 -5.0640e-01 -2.2213e+00 +4.8014e+00 -2.9975e-01 +3.1888e+00 -4.9089e+00 +9.7172e-01 +3.8160e+00 -7.5915e-01 -2.3132e+00 +3.8237e+00 -1.5719e+00
418352 +4.701261985e+01 +4.701261985e+01 -1.380573802e+02 -1.380573802e+02 +1.7230e+00 +1.8252e+00 -2.3047e-02 +3.9768e+00 +2.3630e+00 -1.0664e+00 +1.2924e-01 -8.1877e-01 +1.0545e+00 -4.2349e+00 +2.8765e+00 +4.2573e+00 +4.1954e+00 -4.1219e+00 +4.4524e+00 +2.7852e+00 +2.0104e+00 +2.6159e+00 +3.1326e+00 -3.2138e+00
499702 +4.589126095e+01 +4.589126095e+01 -1.391787391e+02 -1.391787391e+02 +1.4644e+00 +2.5730e+00 +3.1304e+00 +2.8139e+00 -5.3981e-01 -4.4820e+00 +2.8502e+00 -2.8312e+00 +1.3831e+00 -2.4021e+00 +2.6352e+00 +2.1976e+00 +2.6479e+00 -2.3240e+00 +2.0609e+00 +4.9517e+00 +2.5224e-01 -1.3823e+00 +2.1627e-01 -1.5445e+00
618885 +3.263912063e+01 +3.263912063e+01 -1.524308794e+02 -1.524308794e+02 +1.7677e+00 +4.6822e+00 -6.0799e-01 +4.1959e+00 -6.9839e-01 -4.6301e+00 +1.6704e+00 -3.0619e+00 +1.8538e+00 -4.1131e+00 +1.1508e+00 +6.2689e-01 +3.7476e+00 -2.3386e+00 +3.0668e+00 +2.6012e+00 +1.4841e+00 -1.7399e+00 +4.4829e+00 -4.1415e+00
20925411 +3.187701128e+01 +3.187701128e+01 -1.531929887e+02 -1.531929887e+02 +1.1761e+00 +3.8679e+00 +2.7892e+00 +1.9161e+00 -2.5183e-01 -2.7069e+00 -4.1361e-01 -1.5623e+00 +1.1487e+00 -7.3171e-01 +3.3782e+00 +1.4153e+00 +3.3269e+00 -8.5054e-01 +4.3301e+00 +4.5966e+00 +1.0509e+00 -9.4633e-01 +3.4994e+00 -8.4747e-01
21505860 +3.005737651e+01 +3.005737651e+01 -1.550126235e+02 -1.550126235e+02 -7.6981e-01 +3.0095e+00 +2.6310e+00 +2.8936e+00 -1.2029e+00 -2.9925e+00 -4.4350e-01 +1.1135e+00 +1.0629e+00 -4.8569e+00 +4.5710e+00 +2.5076e+00 +1.6476e+00 -4.7570e+00 +3.9363e+00 +4.3237e+00 +6.0406e-01 -1.9622e+00 +4.7454e+00 -2.2200e+00
27729414 +2.886057464e+01 +2.886057464e+01 -1.562094254e+02 -1.562094254e+02 +1.4018e+00 +3.8495e+00 +6.8225e-01 +3.4046e+00 +4.4018e-01 -1.9113e+00 -2.3060e+00 -2.0162e+00 -1.8047e+00 -2.8977e+00 +3.1677e+00 +1.6533e+00 +2.1333e+00 -3.8487e+00 +1.0642e+00 +3.9543e+00 +2.6834e+00 -1.4462e+00 +1.9997e+00 -2.0503e+00
34656667 +2.856356055e+01 +2.856356055e+01 -1.565064394e+02 -1.565064394e+02 -1.4128e+00 +3.7301e+00 +2.1074e+00 +3.2045e+00 -7.5724e-01 -3.7494e+00 -1.4282e+00 -2.8813e+00 +7.6221e-02 -3.4622e+00 +2.2284e+00 -6.1585e-01 +3.1526e+00 -2.1442e+00 +7.9690e-01 +4.3063e+00 +1.4173e+00 -9.4610e-02 +3.1047e+00 -4.5379e+00
39155043 +2.475624142e+01 +2.475624142e+01 -1.603137586e+02 -1.603137586e+02 +1.5217e+00 +4.9251e+00 +2.1751e+00 +2.8528e+00 +6.8561e-01 -2.3060e+00 +4.0976e-01 -2.8851e+00 +1.2616e+00 -3.6758e+00 +3.1732e+00 -6.5841e-02 +2.3548e+00 -2.0733e+00 +2.3696e+00 +3.6465e+00 +2.5716e+00 -9.3055e-01 +2.1146e+00 -4.9740e+00
76283477 +1.955222105e+01 +1.955222105e+01 -1.655177789e+02 -1.655177789e+02 -1.3445e+00 +2.8081e+00 +1.1345e+00 +3.8489e+00 -2.3127e-01 -3.4858e+00 -1.1557e+00 -1.6895e+00 +3.0277e+00 -1.9169e+00 +3.1535e+00 +5.1779e-01 +2.4410e+00 -3.3902e+00 +2.6118e+00 +4.0395e+00 +2.2138e-01 -1.4920e+00 +2.3849e+00 -3.2600e+00
96027996 +1.587498256e+01 +1.587498256e+01 -1.691950174e+02 -1.691950174e+02 +1.4449e+00 +3.0040e+00 +2.6760e+00 +1.9944e+00 +6.2528e-01 -2.2553e+00 -1.0174e+00 -3.1772e+00 +1.4188e+00 -4.5881e+00 +2.0933e+00 -4.5042e-01 +3.9118e+00 -4.7790e+00 +3.8276e+00 +4.1499e+00 +1.0909e+00 -3.3965e-01 +4.9335e+00 -1.9574e+00
% function evaluation | noise-free fitness - Fopt (-1.673500000000e+02) | best noise-free fitness - Fopt | measured fitness | best measured fitness | x1 | x2...
1 +3.019909527e+02 +3.019909527e+02 +1.346409527e+02 +1.346409527e+02 -1.0866e+00 +3.1416e+00 +3.7574e-01 -1.7447e+00 -4.4892e+00 -5.9029e-01 +3.7286e+00 +2.7920e+00 +4.9387e+00 +2.9345e+00 -4.3730e+00 -3.8225e+00 -4.1726e+00 -8.9381e-01 +3.9504e+00 -1.8579e+00 +1.9633e+00 -4.8433e+00 +3.4281e+00 -2.4977e+00
2 +2.277520208e+02 +2.277520208e+02 +6.040202076e+01 +6.040202076e+01 +3.9639e+00 +3.4550e+00 +1.1744e+00 +4.8978e+00 -1.5121e+00 -2.3236e-01 +7.4307e-01 +1.9251e+00 +1.8027e+00 +4.4745e+00 -3.3619e+00 -4.7942e+00 +1.3656e+00 -9.2472e-01 -1.7963e+00 -1.2577e+00 +7.3147e-01 -1.8914e+00 -2.5328e+00 +3.9817e+00
4 +1.862719695e+02 +1.862719695e+02 +1.892196950e+01 +1.892196950e+01 +2.6632e+00 +4.6904e+00 +4.0069e-01 +1.6259e+00 +3.7458e+00 -1.9713e+00 +3.0674e+00 -7.8083e-01 -2.7482e+00 +3.7372e+00 +2.9769e+00 -3.0411e+00 -3.0122e-01 +6.3219e-01 +7.5946e-01 -2.9585e+00 -4.3916e+00 -1.1094e+00 -3.6964e-02 +2.0286e+00
5 +1.415528573e+02 +1.415528573e+02 -2.579714267e+01 -2.579714267e+01 +4.6767e+00 +3.8988e+00 -4.7213e+00 +1.9952e+00 -1.4616e+00 +3.6040e-01 +3.6104e+00 +4.0277e+00 -5.5342e-01 +1.3563e+00 -9.8462e-01 +5.3620e-03 +9.7206e-01 -1.8386e+00 +1.3351e+00 -1.6051e+00 +2.0676e+00 +5.5729e-01 -1.2138e+00 -4.3667e+00
26 +9.613682631e+01 +9.613682631e+01 -7.121317369e+01 -7.121317369e+01 +3.1929e+00 -2.5279e+00 -8.2402e-01 -3.8933e+00 +6.6003e-01 -3.4875e+00 -4.0320e+00 +4.7466e-01 -1.6494e+00 +5.8344e-01 +9.0087e-01 -2.5594e+00 -6.7304e-01 -2.6305e+00 +1.4249e+00 -1.0119e+00 +2.2698e+00 +3.3107e-01 +6.5900e-02 +1.7229e+00
557 +7.041258303e+01 +7.041258303e+01 -9.693741697e+01 -9.693741697e+01 +1.0832e+00 +1.7477e+00 -2.8506e+00 +3.1532e-01 -2.6306e+00 -4.8684e+00 +5.7058e-02 +1.3342e+00 -1.8471e+00 +4.4187e+00 -2.8742e+00 -3.0922e+00 -4.6488e+00 -2.4529e+00 -3.0589e+00 +8.4659e-01 -3.4582e+00 -1.0581e+00 +8.7684e-01 +7.9220e-02
2931 +6.731863734e+01 +6.731863734e+01 -1.000313627e+02 -1.000313627e+02 +2.5753e+00 -7.6457e-01 -1.7634e+00 -2.3339e+00 +8.0321e-01 -3.0436e+00 -3.1475e+00 +1.2871e+00 -6.2997e-01 -1.4811e+00 -2.5889e+00 +5.2728e-01 +1.6042e-01 -2.3885e+00 -1.1654e+00 +3.7246e+00 -4.9479e-01 +3.7500e+00 -7.6421e-01 +2.7228e-01
5409 +4.816316645e+01 +4.816316645e+01 -1.191868336e+02 -1.191868336e+02 +3.1076e+00 +3.0893e-02 -2.3852e+00 -2.4092e+00 +2.1959e+00 -1.1040e+00 +2.3030e-01 +1.7330e+00 -1.8282e+00 -2.7782e+00 +1.6245e-01 +1.2016e+00 -1.2734e+00 -4.1790e+00 -3.7452e+00 -2.4172e-01 -1.4698e+00 +8.4601e-02 +1.7030e+00 +1.9718e-01
158609 +4.180954983e+01 +4.180954983e+01 -1.255404502e+02 -1.255404502e+02 +8.7557e-01 -3.4601e-01 -7.4590e-01 -1.2067e-01 +1.4767e+00 -3.2591e+00 -1.5950e-01 +5.9298e-01 -4.7535e+00 +3.7539e-01 -1.2213e+00 +1.6400e-02 -1.1228e+00 -2.1157e+00 -2.9729e+00 +7.8361e-01 -2.5595e+00 +3.1861e+00 +4.4799e-01 +6.6028e-01
801144 +3.373679546e+01 +3.373679546e+01 -1.336132045e+02 -1.336132045e+02 +3.1828e+00 -2.5578e+00 -3.9782e+00 -9.1150e-01 +1.5654e+00 -2.5443e+00 +2.6285e-01 +1.2126e-01 -1.4351e+00 -2.1003e-01 -3.9568e+00 -1.8589e+00 -2.7265e+00 -2.6619e+00 -2.0038e+00 +6.9296e-01 -1.1948e+00 -2.0708e-01 +1.1129e+00 -3.4186e+00
1026297 +3.146420317e+01 +3.146420317e+01 -1.358857968e+02 -1.358857968e+02 +2.1425e+00 -2.6730e+00 -3.5801e+00 -2.8673e+00 -1.3940e+00 -5.7036e-01 -9.5324e-01 +2.6337e+00 -3.2323e+00 +1.9005e+00 +5.7548e-01 -1.0787e+00 +2.3096e-01 -1.5735e+00 -2.7468e+00 +2.2768e+00 -3.1067e+00 +2.1613e+00 +1.9790e+00 -1.3751e+00
8026570 +2.872986985e+01 +2.872986985e+01 -1.386201301e+02 -1.386201301e+02 +1.9955e+00 -1.9448e+00 -3.4856e+00 -1.3866e+00 -1.7363e+00 -4.1062e+00 +1.5587e+00 +5.3790e-01 -9.7780e-01 +1.4958e+00 +5.2942e-01 -1.3991e+00 -2.6133e+00 -1.1767e+00 -4.8951e+00 +7.0561e-01 -2.0650e+00 -3.8516e-01 +1.0495e+00 -3.9542e+00
15678632 +2.593892527e+01 +2.593892527e+01 -1.414110747e+02 -1.414110747e+02 +4.1184e+00 -2.4930e+00 -2.4307e+00 -1.5023e+00 -1.9445e+00 -3.5658e+00 -1.4286e-01 +2.2415e+00 -2.4926e+00 +9.6092e-01 +1.5148e+00 -2.3426e+00 -1.4119e+00 -3.2780e+00 -1.7762e+00 +1.7591e+00 -4.4530e+00 +7.0542e-01 -7.3844e-01 -4.5585e-01
118774805 +2.498888189e+01 +2.498888189e+01 -1.423611181e+02 -1.423611181e+02 +4.9943e-01 -2.3417e+00 -3.2097e+00 -2.6938e+00 -1.7939e+00 -3.6174e+00 -6.2224e-01 +4.9492e-01 -2.2733e+00 +1.3729e+00 +7.0717e-02 -1.3786e+00 -2.6874e+00 -3.7519e+00 -3.4210e+00 +2.1106e+00 -2.4247e+00 -6.1724e-01 -8.7016e-01 -3.7693e+00
166612860 +2.225635236e+01 +2.225635236e+01 -1.450936476e+02 -1.450936476e+02 +6.3349e-01 -1.2502e+00 -3.7524e+00 -3.5805e+00 -4.4157e-01 -2.9904e+00 +1.1895e+00 +7.8259e-01 -3.7417e+00 +1.1510e-02 -2.0333e+00 -1.3731e+00 -5.8212e-01 -4.0955e+00 -2.2887e+00 +1.2199e+00 -2.6309e+00 +1.5494e+00 +1.1238e+00 -2.2689e+00
% function evaluation | noise-free fitness - Fopt (-2.733000000000e+01) | best noise-free fitness - Fopt | measured fitness | best measured fitness | x1 | x2...
1 +2.002785095e+02 +2.002785095e+02 +1.729485095e+02 +1.729485095e+02 +2.7450e+00 +4.2264e+00 -2.3671e+00 -2.1550e-01 -3.9448e+00 +2.9853e+00 +2.4696e+00 -3.0002e-01 -3.4550e+00 +3.4458e+00 -3.1585e+00 -1.4210e+00 +4.8847e+00 -2.2829e-01 +2.7364e+00 -3.4160e+00 +2.8073e+00 -3.6043e-01 +3.0141e+00 -2.8529e+00
10 +1.545188830e+02 +1.545188830e+02 +1.271888830e+02 +1.271888830e+02 -1.3565e+00 +4.9153e+00 -6.4397e-01 +2.8812e+00 +2.6539e+00 -9.7058e-01 +2.1001e+00 +2.9498e+00 -1.7849e+00 +2.0154e+00 +2.8671e+00 +1.6082e+00 -1.0140e+00 -2.8311e+00 +1.5255e+00 -3.6521e+00 -7.8925e-01 -4.2763e+00 +5.0620e-01 +3.8652e+00
16 +1.398280239e+02 +1.398280239e+02 +1.124980239e+02 +1.124980239e+02 -1.1281e+00 +4.7051e+00 +2.0320e+00 +1.2463e+00 -1.4733e+00 -4.3083e+00 +7.8477e-01 +3.5153e+00 +2.8711e+00 +9.2565e-01 +1.0568e+00 +4.5977e+00 -1.3432e+00 -1.1327e+00 +9.7338e-01 +1.9098e+00 -5.3309e-02 +2.6451e+00 +4.0489e+00 +3.7057e+00
73 +9.470400826e+01 +9.470400826e+01 +6.737400826e+01 +6.737400826e+01 +8.8189e-01 +3.0442e+00 +3.6451e+00 +2.0271e+00 -2.0647e+00 -1.0507e+00 -4.0933e-01 +3.9889e+00 -4.1570e+00 -3.6912e+00 +3.6923e+00 -1.2426e+00 +2.9248e+00 -3.9829e+00 -3.2054e-01 +1.2408e+00 +2.9454e+00 -3.3325e+00 +4.1869e+00 -4.9463e-01
993 +5.765594926e+01 +5.765594926e+01 +3.032594926e+01 +3.032594926e+01 +3.8241e+00 +4.9277e+00 +4.1246e+00 -2.5506e+00 -6.6791e-01 -2.9559e+00 -2.0763e+00 +1.9198e-01 -3.3121e-01 +9.4907e-02 +3.7227e+00 -3.9786e-01 +1.1679e+00 +1.5247e+00 +1.7636e+00 -1.5292e+00 +4.7693e+00 +1.1630e+00 +4.6551e+00 -2.5891e+00
13254 +5.460082362e+01 +5.460082362e+01 +2.727082362e+01 +2.727082362e+01 +2.5656e+00 +1.4696e+00 +4.9428e+00 -1.9319e+00 +2.2402e-01 -1.8189e+00 -5.9627e-01 +3.5760e+00 -3.8304e-01 +1.5645e+00 -5.5873e-01 -5.5469e-01 -1.7148e+00 +9.5473e-01 +3.0375e-01 +3.6842e-01 +4.5484e+00 +7.5671e-01 +1.0860e+00 -8.2878e-01
40940 +5.208909265e+01 +5.208909265e+01 +2.475909265e+01 +2.475909265e+01 +1.8532e+00 +1.9862e+00 +2.3822e+00 -8.2171e-01 +2.6137e+00 -4.1621e+00 +2.9211e+00 +9.4396e-01 -3.5474e-01 -3.3456e+00 +1.4976e-01 +1.2778e+00 -2.6039e+00 -1.0305e+00 +9.1201e-01 +3.7250e+00 +4.3445e+00 -1.8844e+00 +4.5857e+00 -3.4914e+00
111165 +4.943359708e+01 +4.943359708e+01 +2.210359708e+01 +2.210359708e+01 +4.2031e+00 +4.4625e+00 +3.4033e+00 -9.2121e-01 +3.9418e+00 -3.1913e+00 -6.2983e-01 +4.9252e+00 -3.0070e+00 -1.9948e+00 +1.6464e+00 +2.5225e+00 -1.0281e+00 +1.5579e+00 +1.9068e+00 -1.6763e+00 +1.6280e+00 -1.0444e+00 +4.9892e+00 -3.2548e+00
261006 +4.611932843e+01 +4.611932843e+01 +1.878932843e+01 +1.878932843e+01 +3.0956e+00 +1.3312e+00 +2.1795e+00 -7.4003e-01 +4.7919e+00 -1.2765e+00 -1.1520e+00 +2.5784e+00 -4.9904e+00 -1.0933e+00 +2.3398e+00 -2.4206e-01 -4.0590e-01 +9.2824e-01 +1.4385e+00 +5.6751e-01 +1.1541e+00 -2.0538e+00 +2.6417e+00 -2.4964e+00
481126 +4.285922139e+01 +4.285922139e+01 +1.552922139e+01 +1.552922139e+01 +3.6047e-01 +8.4782e-01 +1.7370e-01 -8.2063e-01 +2.2571e+00 -4.5782e+00 +2.1759e+00 -3.0315e-01 -2.9304e+00 -3.3181e+00 +1.4915e+00 -4.2416e-01 +1.3513e+00 +8.9215e-01 +1.3448e-01 +7.1327e-01 +3.6162e+00 +6.9561e-01 +3.4021e+00 -2.1779e+00
833399 +3.304590432e+01 +3.304590432e+01 +5.715904315e+00 +5.715904315e+00 -1.3978e-01 +2.9016e+00 +3.0919e+00 -2.7495e+00 -7.3860e-01 -2.6323e+00 +9.2891e-01 +1.5018e+00 -2.6283e+00 -1.1106e+00 +1.7400e+00 +5.9555e-01 -8.2538e-01 -1.5396e+00 +3.2598e+00 +3.4093e-01 +3.9230e+00 +1.3636e-01 +2.1230e+00 -9.5880e-01
5243518 +3.096538060e+01 +3.096538060e+01 +3.635380601e+00 +3.635380601e+00 +9.1558e-01 +3.1437e+00 +4.9887e+00 +9.3159e-02 +1.1196e+00 +4.6584e-01 +1.3570e+00 +1.5297e+00 -4.6724e+00 -4.5988e-01 +1.9683e+00 +1.5291e+00 -1.2226e+00 +2.3942e-01 +2.1918e+00 -2.2230e+00 +3.5629e+00 -1.8040e-01 +3.9464e+00 -3.0863e+00
10326596 +3.030879354e+01 +3.030879354e+01 +2.978793543e+00 +2.978793543e+00 +2.3012e+00 +8.7040e-01 +1.4883e+00 -1.6797e+00 +2.9740e+00 -2.0808e+00 +1.5600e+00 +1.3938e+00 -3.9468e+00 -1.0273e+00 +4.6191e+00 +9.9721e-01 -1.1688e-01 -2.0082e+00 -2.8864e-01 -4.4213e-01 +3.2408e+00 -5.6739e-02 +4.5270e+00 -1.3395e+00
13082694 +2.624795902e+01 +2.624795902e+01 -1.082040982e+00 -1.082040982e+00 +4.0409e+00 +2.3883e+00 +4.7496e+00 +8.0690e-01 -9.6732e-01 -9.5287e-01 +1.5233e+00 -1.5846e-01 -3.9564e+00 -1.2920e+00 +1.3574e+00 +7.8058e-01 -2.0309e+00 +2.2372e+00 -1.7187e-01 -1.1552e-01 +3.4488e+00 -1.0776e+00 +3.1780e+00 -2.1341e+00
74294715 +2.278662307e+01 +2.278662307e+01 -4.543376928e+00 -4.543376928e+00 +3.2858e+00 +9.2211e-01 +1.5483e+00 +1.4801e+00 +7.4163e-01 -2.3750e+00 +2.5025e+00 +1.6135e+00 -2.9920e+00 +1.1652e+00 +2.0299e+00 +1.1178e+00 -2.1753e+00 +1.7044e+00 +1.4617e+00 -6.8586e-01 +3.5171e+00 -1.0679e+00 +3.7706e+00 -7.2538e-01
% function evaluation | noise-free fitness - Fopt (-2.655800000000e+02) | best noise-free fitness - Fopt | measured fitness | best measured fitness | x1 | x2...
1 +3.530674296e+02 +3.530674296e+02 +8.748742963e+01 +8.748742963e+01 +2.4218e+00 -1.7442e+00 -1.6860e+00 +5.4075e-01 +1.4769e+00 -1.6177e+00 +4.1154e+00 +3.5426e+00 +2.5080e+00 -3.9133e-01 -2.7108e+00 -4.3527e+00 -4.7708e+00 -3.5057e+00 -3.8552e+00 +2.4335e+00 -2.0387e+00 +3.7049e-01 -7.4430e-01 -1.2614e+00
3 +2.956527575e+02 +2.956527575e+02 +3.007275752e+01 +3.007275752e+01 +3.7211e+00 +1.4794e+00 +2.5165e-02 -8.7888e-03 -4.9546e+00 -1.5433e+00 -1.7907e+00 -1.6246e+00 +1.3913e+00 +9.3450e-01 -3.2514e+00 +1.4257e-01 -1.2478e-01 -3.9190e+00 -2.2782e+00 -2.8699e+00 +1.5904e+00 -4.1798e+00 +4.1454e+00 +9.0121e-01
4 +2.125824294e+02 +2.125824294e+02 -5.299757060e+01 -5.299757060e+01 +4.1043e+00 -1.6264e+00 +2.9263e+00 -1.1710e-01 -1.4771e+00 +3.8303e+00 -6.7996e-01 -2.3299e+00 +4.0543e+00 +1.3844e+00 -2.1854e-01 +4.0994e+00 -1.4744e+00 -5.8226e-01 +3.4351e+00 -1.6462e+00 -2.8091e-01 +3.3965e+00 -2.8224e+00 +2.7448e+00
32 +1.667025506e+02 +1.667025506e+02 -9.887744945e+01 -9.887744945e+01 -3.1909e+00 +4.6185e+00 +1.8617e-01 -1.1448e+00 -3.5428e+00 -1.2550e+00 -6.7397e-01 +4.8365e+00 +1.6132e+00 -3.5244e+00 -1.2031e+00 +4.6069e+00 +2.1394e+00 +3.1644e+00 +1.4067e+00 +5.3844e-01 -2.9571e+00 +9.3532e-01 -4.1521e+00 +4.7940e+00
34 +1.284907810e+02 +1.284907810e+02 -1.370892190e+02 -1.370892190e+02 -2.2037e+00 -1.1878e+00 +5.0797e-01 +2.7954e+00 -7.3159e-01 -7.6501e-01 +4.5131e+00 -8.8833e-01 -7.8167e-01 -5.0000e+00 -3.1036e+00 -1.8022e+00 +6.1234e-01 +2.7806e+00 +4.0632e+00 +4.8710e+00 -9.1414e-02 -4.2843e+00 -1.9444e+00 +1.5435e+00
38 +1.128818483e+02 +1.128818483e+02 -1.526981517e+02 -1.526981517e+02 +1.0651e-01 +7.1119e-01 -2.1995e+00 +4.0702e+00 -2.9944e+00 +3.8819e+00 +1.1915e+00 +9.7198e-01 -3.0840e+00 +1.0832e+00 -1.8464e+00 -2.4986e-01 +4.2523e+00 -5.9748e-01 -1.8544e+00 +4.9127e+00 +6.2340e-01 +1.0322e+00 -2.8618e+00 +1.7476e+00
121 +1.105950719e+02 +1.105950719e+02 -1.549849281e+02 -1.549849281e+02 +3.7944e-01 +7.7246e-01 -6.6020e-01 +1.0011e-01 +4.5725e+00 +1.5799e+00 -8.1862e-01 -3.5128e+00 -3.8807e+00 -2.6625e+00 -1.5700e+00 -2.3888e+00 +7.9404e-01 +1.4420e+00 -1.2356e+00 +2.0124e-02 -3.0407e+00 +6.8996e-01 -1.9450e+00 -1.2967e-02
180 +1.074592618e+02 +1.074592618e+02 -1.581207382e+02 -1.581207382e+02 -2.7978e+00 +1.6128e-01 -3.1322e-01 +2.1544e+00 -1.2612e+00 -1.1568e+00 -2.0158e+00 -9.1850e-01 +5.1189e-01 -4.8992e+00 -2.2705e+00 +1.9866e+00 +3.7196e+00 -3.0023e+00 +4.8131e+00 +1.0347e+00 +3.1751e+00 +3.1602e+00 -1.2451e+00 -2.8448e-01
550 +8.887387724e+01 +8.887387724e+01 -1.767061228e+02 -1.767061228e+02 +7.6439e-01 +3.5901e+00 -1.6205e-01 -3.1451e+00 -1.3681e+00 +3.2201e+00 -2.7801e+00 -2.8984e+00 +2.3219e+00 -4.5020e-01 -2.3204e+00 +1.0087e+00 +4.3267e+00 +3.2317e+00 +2.1586e+00 +3.3766e+00 -4.1865e+00 -5.3054e-01 -3.2064e+00 +3.7595e+00
1347 +7.451199091e+01 +7.451199091e+01 -1.910680091e+02 -1.910680091e+02 -1.8981e+00 +2.2810e+00 -2.7919e+00 +4.3937e+00 +9.9758e-01 +2.1153e+00 -3.4364e+00 -4.7474e+00 -3.3719e+00 -2.6287e+00 +1.5868e+00 -7.0455e-01 +3.3654e+00 +3.1722e+00 +2.3209e+00 +3.5349e+00 +4.6376e-01 +3.5085e+00 +2.1431e-01 +2.9984e+00
3566 +6.843969625e+01 +6.843969625e+01 -1.971403038e+02 -1.971403038e+02 +3.7045e+00 +3.9743e+00 -3.4406e-01 +1.9276e+00 +1.4237e+00 +3.5686e+00 -4.9813e+00 -4.7299e+00 -6.4084e-01 -4.8253e+00 -4.9648e+00 -4.7927e-02 +3.0541e+00 +2.0856e+00 +3.2269e+00 +3.4577e+00 -1.9784e+00 -2.1146e+00 -4.6034e+00 +2.4607e+00
11214 +6.384956134e+01 +6.384956134e+01 -2.017304387e+02 -2.017304387e+02 -2.0489e+00 +1.8540e+00 -2.3514e+00 +2.8369e-01 -8.7612e-01 +2.6925e+00 -3.0143e+00 -1.5490e+00 -3.7269e+00 -4.6285e-01 -2.5430e+00 +2.6376e+00 +2.8352e+00 +2.1389e+00 -4.9650e-01 +4.9199e+00 +3.3585e+00 -1.2688e+00 -4.7834e+00 +5.7336e-01
66365 +5.371402551e+01 +5.371402551e+01 -2.118659745e+02 -2.118659745e+02 -1.3948e+00 +3.0105e+00 -1.1714e+00 +1.5181e+00 -9.6976e-01 +2.4304e+00 -2.4628e+00 -8.9090e-01 -1.5668e+00 -4.1833e+00 -2.0777e-01 +5.5080e-01 +4.6839e+00 -1.0424e+00 +4.9709e+00 +4.0236e+00 +1.0841e+00 -2.4889e+00 -4.8567e-01 +2.7891e+00
149049 +4.479985933e+01 +4.479985933e+01 -2.207801407e+02 -2.207801407e+02 -1.4339e+00 +4.5550e+00 -9.3888e-01 +1.4513e+00 +1.2495e+00 +1.6760e+00 -4.2519e+00 -2.3560e+00 -1.1011e+00 -4.6154e+00 -4.1706e+00 +1.1805e+00 +2.4299e+00 +4.5009e+00 +1.1210e+00 +3.1017e+00 -3.1377e+00 +1.4364e+00 -4.3213e+00 +2.0718e+00
1916965 +3.982720743e+01 +3.982720743e+01 -2.257527926e+02 -2.257527926e+02 -2.6462e-01 +4.1557e-01 -1.6543e+00 +4.1851e+00 -1.3802e+00 +3.6003e+00 -1.8421e+00 -2.1010e+00 +1.6091e-01 -3.8787e+00 -4.9331e+00 +2.3313e+00 +3.0795e+00 +1.6288e-01 +8.7388e-01 +2.3279e+00 -2.2022e+00 +4.0235e-02 -4.1354e+00 +2.7241e+00
2027946 +3.786467784e+01 +3.786467784e+01 -2.277153222e+02 -2.277153222e+02 -1.4202e+00 +3.4212e+00 +1.9513e+00 +2.5673e+00 -8.2612e-01 -1.5641e-01 -4.3408e+00 -2.2606e+00 -2.8969e+00 -2.9064e+00 -3.6358e+00 +1.0644e+00 +1.0971e+00 +1.1921e+00 +2.3124e-01 +4.4312e+00 -3.2734e+00 +1.7602e+00 -3.4582e+00 +4.3495e+00
2655875 +3.575185595e+01 +3.575185595e+01 -2.298281440e+02 -2.298281440e+02 -1.0604e+00 +2.9731e-01 -5.3569e-01 +3.4095e+00 +1.8269e+00 -8.6311e-01 -3.8716e+00 -4.6886e+00 -1.9003e+00 -2.3324e+00 -2.9857e+00 +2.7235e+00 +2.5763e+00 -2.0566e+00 +1.5817e+00 +3.1795e+00 +3.0734e-01 +1.8983e+00 -3.4435e+00 +3.0061e+00
2719515 +2.746687654e+01 +2.746687654e+01 -2.381131235e+02 -2.381131235e+02 -1.0826e+00 +8.3420e-01 -2.4205e+00 +3.2912e+00 -1.3170e+00 +2.5086e+00 -3.2690e+00 -3.0722e+00 -1.0774e+00 -3.1014e+00 -3.2220e+00 -1.1519e+00 +4.2831e+00 +6.4666e-01 +3.4431e+00 +3.6374e+00 -6.6749e-01 -2.9738e+00 -4.2045e+00 +2.1246e+00
9950813 +2.325394699e+01 +2.325394699e+01 -2.423260530e+02 -2.423260530e+02 -4.0000e+00 +8.0278e-01 -1.1678e+00 +1.1318e+00 -1.7028e+00 +4.6457e-01 -4.3791e+00 -2.7685e+00 -1.5060e+00 -1.7389e+00 -3.0285e+00 +3.2661e-01 +2.8323e+00 +1.7717e+00 +3.4165e+00 +3.3990e+00 +1.1180e+00 -1.7570e+00 -3.8983e+00 +3.7120e+00
24115240 +1.811298493e+01 +1.811298493e+01 -2.474670151e+02 -2.474670151e+02 -1.6505e+00 +2.6933e+00 -1.3584e+00 +7.9759e-01 -2.2669e-01 +2.9569e+00 -3.8713e+00 -2.0618e+00 -1.6940e+00 -2.0210e+00 -4.1030e+00 +3.1218e+00 +2.1973e+00 -1.0763e-01 +4.1755e+00 +3.5256e+00 -4.5037e-01 -1.5213e-01 -3.4565e+00 +3.1949e+00
% function evaluation | noise-free fitness - Fopt (-5.595000000000e+01) | best noise-free fitness - Fopt | measured fitness | best measured fitness | x1 | x2...
1 +2.977114840e+02 +2.977114840e+02 +2.417614840e+02 +2.417614840e+02 -4.2852e+00 +4.2257e+00 +1.6674e+00 +1.2099e+00 -1.6377e+00 -2.4646e+00 -1.3839e-01 +3.6234e+00 -1.0076e+00 +2.1178e-01 -3.4664e+00 +2.6171e+00 +3.8819e+00 +2.2609e+00 +2.3497e+00 +8.0483e-02 -2.3907e+00 +4.1465e+00 +1.4592e+00 +4.3178e-01
3 +2.629794648e+02 +2.629794648e+02 +2.070294648e+02 +2.070294648e+02 +2.2571e+00 +3.1303e+00 -3.7411e+00 -4.6642e+00 -3.0512e+00 -9.9388e-01 +2.2458e+00 +3.2076e+00 +3.3903e+00 -3.0669e+00 +4.6794e+00 +3.7632e+00 -5.1933e-01 +3.1485e+00 -4.1377e+00 +3.6189e+00 +6.8562e-01 +3.3140e+00 +8.1279e-01 -3.9261e+00
5 +2.483117396e+02 +2.483117396e+02 +1.923617396e+02 +1.923617396e+02 +2.2636e+00 +1.7485e+00 -4.8787e+00 +4.6521e+00 +4.2331e+00 +2.4638e+00 +1.6330e+00 -3.4595e+00 +3.8013e+00 +4.0393e+00 +2.2167e+00 -5.0227e-01 +4.5317e+00 -2.1951e+00 +3.0835e+00 +1.6294e+00 -1.0343e+00 +9.9339e-01 +5.3285e-01 -2.4010e+00
6 +1.458817858e+02 +1.458817858e+02 +8.993178583e+01 +8.993178583e+01 -3.9282e+00 -2.7399e+00 -1.5627e+00 +1.6853e+00 +8.3607e-01 +1.2870e+00 -2.9644e+00 -4.5513e+00 +4.0266e+00 -4.2415e+00 -7.8480e-01 +2.2451e+00 -2.9638e+00 -4.2268e+00 -2.7527e+00 -1.5407e+00 +2.0879e+00 +3.2985e+00 +4.6280e+00 +1.5708e-01
57 +1.379527113e+02 +1.379527113e+02 +8.200271129e+01 +8.200271129e+01 +7.0185e-01 -4.9716e+00 +3.8516e+00 +1.2535e+00 +2.1856e+00 +2.4060e+00 +2.2883e+00 +1.4510e+00 +4.3862e+00 -1.7170e-01 +3.3699e+00 +3.7386e+00 -2.6606e+00 -3.0918e-01 +1.7038e-01 +1.6468e+00 +3.5430e-01 +4.1273e+00 +1.5806e+00 -2.6955e+00
63 +1.220272931e+02 +1.220272931e+02 +6.607729309e+01 +6.607729309e+01 +6.5339e-01 +4.8108e+00 +2.9339e+00 +1.8537e+00 -3.6262e+00 -2.1779e-01 +7.9959e-02 -3.1818e+00 +1.9520e+00 +1.3974e+00 +2.1529e-01 -1.1617e+00 -2.4083e+00 -4.0862e+00 +2.9404e+00 -3.6614e+00 +4.7702e+00 +3.1613e+00 +2.0457e+00 +3.4327e+00
361 +1.080517180e+02 +1.080517180e+02 +5.210171803e+01 +5.210171803e+01 +2.2044e-01 +4.3620e+00 +9.4060e-01 +2.3776e+00 +3.7514e+00 -2.0378e-01 +3.3087e+00 -1.3970e+00 +1.3546e-01 -2.3451e+00 +2.6796e+00 +2.4175e+00 -3.7556e+00 -2.4728e+00 -4.0296e+00 +3.9038e-01 -1.8175e+00 -8.7314e-01 +3.4687e+00 +2.5559e+00
623 +1.052601959e+02 +1.052601959e+02 +4.931019587e+01 +4.931019587e+01 +1.2162e-01 +1.3968e+00 -3.0849e+00 -1.2623e+00 -4.3745e+00 +4.8546e-01 +1.1088e+00 -2.0324e+00 -1.3835e+00 -4.2678e+00 +3.8285e+00 +2.4549e+00 -1.1102e+00 -1.6197e+00 -1.2751e+00 -1.3605e+00 +6.8491e-02 +1.3580e+00 +1.4137e+00 +4.2133e+00
649 +9.765623563e+01 +9.765623563e+01 +4.170623563e+01 +4.170623563e+01 +4.0414e+00 +4.7143e+00 +2.2677e+00 +1.7393e+00 -9.2370e-01 +2.0274e+00 -5.6352e-01 -8.1401e-01 +3.6390e+00 -2.8657e+00 +2.8791e+00 +4.2485e+00 -4.1657e+00 -2.7772e+00 -2.4185e+00 -3.8865e+00 +2.3305e+00 +9.3351e-01 +7.9964e-02 +9.8396e-01
1290 +7.757751068e+01 +7.757751068e+01 +2.162751068e+01 +2.162751068e+01 +2.6334e-01 -2.6939e+00 -1.7813e+00 +1.5305e+00 -3.3080e+00 -2.4860e+00 +2.8495e+00 -8.7544e-01 +1.4373e+00 -2.3262e+00 +4.3667e+00 +1.2231e+00 -1.3756e+00 -2.1615e+00 +7.4858e-01 +1.2914e-02 +2.8573e+00 +2.5774e-01 +5.3212e-01 -1.7887e+00
4880 +7.377345397e+01 +7.377345397e+01 +1.782345397e+01 +1.782345397e+01 +2.8145e+00 -1.5972e+00 +4.5471e+00 +4.6010e+00 -2.0027e+00 -2.2754e-01 +3.8049e+00 -3.6424e+00 +4.9487e+00 -1.4757e+00 +2.5796e+00 -6.3016e-01 -3.2741e+00 -3.1831e+00 -3.0837e+00 +2.2064e+00 +3.1546e+00 +1.4527e+00 +4.6319e+00 +3.1866e+00
21678 +6.221061537e+01 +6.221061537e+01 +6.260615367e+00 +6.260615367e+00 +2.1391e+00 -2.0712e+00 +1.4837e-01 +4.7895e+00 -2.2587e+00 +1.4688e+00 +3.4228e+00 -2.8260e+00 +4.9347e+00 -2.7461e+00 +3.7298e+00 +2.3174e+00 -4.2963e+00 -3.7676e+00 -3.3602e+00 -5.4741e-01 +4.6053e+00 -1.6510e+00 +2.2493e+00 +2.0909e+00
34972 +5.799257362e+01 +5.799257362e+01 +2.042573623e+00 +2.042573623e+00 +1.8699e+00 -1.2389e+00 -1.9139e+00 +4.3175e+00 -7.6012e-01 +1.6620e+00 +3.2512e+00 +1.0942e+00 +1.8451e+00 -3.2998e+00 +3.2266e+00 -3.9370e+00 -4.6478e+00 -5.0515e-01 -3.8182e-01 -1.5692e+00 +2.4614e+00 +8.7050e-01 +3.8902e+00 -2.2910e+00
154088 +5.734537671e+01 +5.734537671e+01 +1.395376706e+00 +1.395376706e+00 -7.5052e-01 -2.6853e+00 -4.5917e-01 +2.1674e+00 -7.5670e-01 +7.4705e-01 +4.1825e+00 -9.8044e-01 +4.8471e+00 +1.3191e+00 +1.0187e+00 +2.2532e+00 -2.0388e+00 -2.1204e+00 +1.1460e+00 -2.4780e+00 +1.3857e+00 +3.0789e+00 +4.3814e+00 -7.9298e-02
212086 +4.175083121e+01 +4.175083121e+01 -1.419916879e+01 -1.419916879e+01 +3.3497e+00 +1.5303e+00 -1.3165e+00 +4.5703e+00 -4.4810e+00 +1.6343e+00 +2.8016e+00 -1.1467e+00 +4.0105e+00 -1.2070e+00 +3.9904e+00 +1.4194e+00 -2.4151e+00 -1.8628e+00 +1.7142e+00 -3.4041e+00 +1.2565e+00 +1.9397e+00 +2.3454e+00 +4.4930e+00
794334 +4.140150333e+01 +4.140150333e+01 -1.454849667e+01 -1.454849667e+01 +1.1607e+00 -2.2184e+00 +1.3582e+00 +3.6935e+00 -1.4335e+00 +2.9765e+00 +2.4135e+00 -1.8123e+00 +3.0264e+00 -4.5787e+00 +3.7568e+00 -1.8368e+00 -1.6089e+00 +5.7971e-01 +1.1631e-01 -3.0743e+00 -6.7618e-02 +3.2541e+00 +1.9420e+00 +4.0398e+00
1277177 +3.988075823e+01 +3.988075823e+01 -1.606924177e+01 -1.606924177e+01 +8.5636e-01 +6.3374e-01 +2.2762e+00 +2.5771e+00 +8.7435e-01 +9.7996e-01 +2.8953e+00 -9.9869e-01 +4.2978e+00 -4.1349e+00 +2.8241e+00 -4.5519e-01 -2.5453e+00 -1.9057e+00 -3.5616e+00 -9.7497e-01 +1.2774e-01 +4.0751e+00 +3.4608e+00 -7.0974e-01
2085597 +3.685334261e+01 +3.685334261e+01 -1.909665739e+01 -1.909665739e+01 -1.9071e+00 +9.3336e-02 -2.0692e+00 +2.5364e+00 -2.9232e+00 +7.7382e-02 +3.0896e+00 -4.5614e-01 +2.7875e+00 -1.9758e+00 +2.9461e+00 -2.2031e-01 -2.6663e+00 -1.6046e+00 -1.7159e+00 -3.1368e+00 -1.2324e+00 +3.3823e+00 +4.3556e+00 +2.6469e+00
4269476 +3.266816898e+01 +3.266816898e+01 -2.328183102e+01 -2.328183102e+01 +2.8777e+00 +4.5836e-01 -7.9107e-01 +4.8120e+00 -1.0133e+00 -5.5963e-01 +3.8282e+00 -3.6283e+00 +4.1156e+00 -2.7633e+00 +2.5332e+00 +2.5840e+00 -3.6056e+00 -1.4361e+00 -1.6758e+00 -2.6674e+00 +2.4258e+00 +4.3297e-01 +1.4787e+00 +3.5803e+00
6498101 +3.229319651e+01 +3.229319651e+01 -2.365680349e+01 -2.365680349e+01 +9.8739e-01 -1.3026e+00 +3.9015e-01 +2.6679e+00 -1.5709e+00 -2.0591e+00 +4.8826e+00 -1.3884e+00 +3.3129e+00 -1.0270e+00 +2.5194e+00 -2.1743e-01 -2.1512e+00 -9.9592e-02 +1.4305e+00 -3.0642e+00 +2.5995e+00 +3.6781e+00 +2.8878e+00 -1.1161e-01
9378399 +3.083984511e+01 +3.083984511e+01 -2.511015489e+01 -2.511015489e+01 +1.4941e+00 -5.3288e-01 -7.0707e-01 +4.0587e+00 -3.0701e+00 +3.9138e+00 +4.0886e+00 +1.3171e-01 +3.5362e+00 -4.7754e+00 +2.5912e+00 +3.2707e-01 -3.2165e+00 -2.8423e+00 -1.1072e+00 -3.0735e+00 +3.0900e+00 +2.1377e+00 +2.2465e+00 +7.7314e-01
33361071 +2.251216559e+01 +2.251216559e+01 -3.343783441e+01 -3.343783441e+01 +1.0363e+00 -7.6593e-01 +7.2808e-01 +3.8198e+00 -3.6558e+00 +1.1690e+00 +3.1186e+00 -3.3560e+00 +2.8182e+00 -2.6247e+00 +2.4198e+00 +1.4884e+00 -4.4363e+00 -2.2502e+00 -1.9827e+00 -1.8903e+00 +2.7548e+00 +1.9620e+00 +2.9488e+00 +2.3019e-01
105037105 +1.959961241e+01 +1.959961241e+01 -3.635038759e+01 -3.635038759e+01 +1.7182e-01 +7.1376e-02 -1.8920e-01 +4.5898e+00 -7.7771e-01 +3.6065e+00 +2.1984e+00 -2.6308e+00 +3.8318e+00 -2.6138e+00 +4.0765e+00 -5.4497e-01 -3.0846e+00 -8.1775e-01 +7.3710e-01 -2.4208e+00 +5.4894e-01 +1.5757e+00 +3.2858e+00 +2.0001e+00
% function evaluation | noise-free fitness - Fopt (8.746000000000e+01) | best noise-free fitness - Fopt | measured fitness | best measured fitness | x1 | x2...
1 +2.228499159e+02 +2.228499159e+02 +3.103099159e+02 +3.103099159e+02 -4.9467e-01 -1.6347e+00 -2.1350e+00 +1.4677e+00 -2.5464e+00 -2.1970e+00 +8.1774e-01 -2.0876e+00 -2.6138e+00 +1.2623e+00 +2.2990e+00 -4.5048e-01 +2.0587e+00 +4.1257e+00 -2.2664e+00 -1.3084e+00 +4.3286e+00 -2.5326e+00 +3.9161e+00 -6.8437e-02
3 +2.187025611e+02 +2.187025611e+02 +3.061625611e+02 +3.061625611e+02 +1.7646e+00 +1.7872e+00 +3.6578e+00 +4.3458e+00 -2.9147e+00 -1.3316e+00 +7.2253e-01 +3.9047e+00 +5.2601e-01 +3.6864e+00 +1.6214e+00 -4.1600e+00 -1.0001e+00 +1.8679e+00 -4.3986e+00 -2.1483e+00 +1.8418e+00 +2.6974e+00 -4.1581e+00 +3.9173e+00
8 +2.012678406e+02 +2.012678406e+02 +2.887278406e+02 +2.887278406e+02 -5.7720e-01 +2.8884e+00 +9.5554e-01 -3.6483e+00 -4.2849e+00 -3.1696e+00 +2.1369e+00 +1.1172e+00 -1.7816e+00 -4.7277e+00 +2.2809e+00 +2.9718e+00 +4.6416e+00 +8.6960e-01 -2.0843e+00 +3.4279e+00 +1.0478e+00 -1.9380e-01 -4.2086e+00 -4.0546e+00
18 +1.544896031e+02 +1.544896031e+02 +2.419496031e+02 +2.419496031e+02 -7.0332e-01 +3.6749e+00 +6.1715e-01 +4.7452e-01 +4.3876e+00 +2.8875e+00 +3.8245e+00 -4.4158e+00 -2.8314e+00 -4.9042e+00 +1.2294e+00 -2.4889e+00 +3.5115e+00 -1.8990e+00 -8.1915e-01 -1.7365e+00 +1.2014e+00 +3.1849e+00 -8.0747e-01 -2.8427e+00
26 +9.760118103e+01 +9.760118103e+01 +1.850611810e+02 +1.850611810e+02 -2.4345e+00 +3.9719e+00 +3.0873e+00 -4.6671e+00 -5.7054e-01 +1.2287e+00 -1.5646e+00 -1.5258e-01 -4.5906e-01 -2.6997e-01 +2.3824e+00 -2.0729e+00 +2.3729e+00 +9.0271e-01 +3.0775e-01 -2.0822e+00 +4.1526e+00 +4.4964e+00 +9.9625e-01 -2.6148e+00
628 +6.080320391e+01 +6.080320391e+01 +1.482632039e+02 +1.482632039e+02 -2.4459e+00 +2.4216e+00 +2.7771e+00 +2.9039e-01 +3.5294e+00 +3.3186e+00 -1.0164e+00 +1.9126e+00 -1.6233e+00 +2.2262e+00 +1.6528e+00 -2.8612e+00 +3.5726e+00 -2.9611e-01 +3.7565e-01 +1.5221e+00 +2.0273e+00 +3.6960e+00 -3.6821e+00 -1.2797e+00
80892 +5.317457494e+01 +5.317457494e+01 +1.406345749e+02 +1.406345749e+02 +1.5149e+00 -3.0204e+00 +2.7501e+00 -2.7525e+00 +2.5350e+00 +1.4843e+00 +3.2729e+00 -6.3765e-01 -1.6097e+00 +6.0846e-01 -1.2358e+00 -2.4119e+00 +1.9202e+00 +1.9533e-01 +2.3305e+00 +1.3433e+00 +6.7139e-01 +2.6819e+00 -2.9126e+00 -4.4138e+00
204074 +4.263420182e+01 +4.263420182e+01 +1.300942018e+02 +1.300942018e+02 -1.5999e+00 +1.2274e+00 +2.6074e+00 -1.4428e+00 +6.1332e-01 +1.7814e+00 -1.5022e-03 +4.0735e+00 -2.9387e+00 -2.8285e+00 +6.2008e-01 -7.6684e-01 +2.6622e+00 +4.3126e+00 +1.6579e+00 +3.9457e+00 +2.7307e+00 +2.7711e+00 -2.6045e+00 -2.6821e+00
1477012 +3.736868543e+01 +3.736868543e+01 +1.248286854e+02 +1.248286854e+02 -2.1465e+00 +8.9277e-01 +4.7082e+00 -1.1774e+00 +2.3314e+00 +5.1456e-01 +1.9478e+00 +2.0158e+00 +5.0940e-01 +5.1538e-01 -1.9025e+00 -4.3890e+00 +4.9778e+00 +1.8056e+00 +3.0990e+00 -8.5115e-01 +1.0531e-01 +2.9238e+00 -1.9530e+00 -4.5976e+00
6337116 +3.357024825e+01 +3.357024825e+01 +1.210302483e+02 +1.210302483e+02 -1.4025e+00 -2.0721e-01 +3.3801e+00 +1.5366e+00 -3.1884e-01 +2.2688e+00 +7.4839e-01 +1.4720e+00 -2.7607e+00 -1.7913e-01 -1.9336e+00 -4.1258e+00 +3.4243e+00 +2.9722e+00 +1.4004e+00 +5.8889e-01 +1.9457e+00 +1.6914e+00 -5.7212e-01 +4.6462e-01
6748298 +2.929101019e+01 +2.929101019e+01 +1.167510102e+02 +1.167510102e+02 -1.8633e+00 +1.2061e+00 +3.0083e+00 -2.2212e+00 +1.3901e+00 +1.1583e+00 +2.7582e+00 +3.8648e+00 -2.2266e+00 -7.8248e-01 +4.3550e-01 -4.1993e+00 +4.4649e+00 +4.0335e+00 +3.1777e+00 -9.9832e-02 +6.5000e-02 +1.7886e+00 -1.5549e+00 +9.0985e-01
36085546 +2.468234644e+01 +2.468234644e+01 +1.121423464e+02 +1.121423464e+02 -1.6415e+00 +1.8202e-01 +3.8776e+00 -2.1316e+00 +2.8560e+00 +1.3309e+00 +6.3554e-01 +2.5129e+00 -2.4461e+00 -1.7447e-01 -6.1217e-01 -3.2865e+00 +8.0962e-01 +1.1527e+00 +4.3508e+00 +7.1757e-01 +1.6983e+00 +4.1745e+00 -1.7506e+00 -1.7966e+00
% function evaluation | noise-free fitness - Fopt (-6.545000000000e+01) | best noise-free fitness - Fopt | measured fitness | best measured fitness | x1 | x2...
1 +3.245563907e+02 +3.245563907e+02 +2.591063907e+02 +2.591063907e+02 +3.7528e+00 +2.9132e-01 +2.5652e+00 -9.7597e-01 +4.2578e+00 -3.0647e+00 -3.4157e+00 +1.9498e+00 -3.4760e+00 -2.7338e+00 +3.9870e+00 -3.9206e+00 +4.2916e-01 -4.1509e+00 +7.5901e-02 +4.2945e+00 -2.4164e+00 +1.7284e+00 +3.2334e+00 -1.4379e-01
2 +1.692833966e+02 +1.692833966e+02 +1.038333966e+02 +1.038333966e+02 +2.5710e+00 -3.9430e+00 -1.0050e+00 +1.4204e+00 -4.6920e+00 +1.8169e+00 -4.0401e+00 +1.5520e+00 -8.2089e-01 -7.8173e-01 -2.3858e-01 +4.1611e+00 -5.7053e-01 +4.0537e+00 +4.4393e+00 +3.3531e+00 +2.4465e+00 +1.2019e+00 -7.5639e-01 -2.1712e-01
19 +1.347686725e+02 +1.347686725e+02 +6.931867249e+01 +6.931867249e+01 -1.5283e+00 -1.3459e+00 +7.9130e-01 -1.6119e-01 -1.1043e+00 +1.4869e-01 +3.6497e+00 -7.0020e-01 -8.8226e-01 -4.1839e+00 -1.7739e+00 -3.1581e-01 -4.2017e-02 -2.4281e-02 +2.1604e+00 +2.1026e+00 +2.1755e+00 +4.7896e+00 -3.2833e+00 +3.9196e+00
55 +1.153522129e+02 +1.153522129e+02 +4.990221290e+01 +4.990221290e+01 +2.9787e-01 +4.5952e+00 +1.3379e+00 +2.1488e+00 -2.3085e+00 +8.2959e-01 +3.5598e-01 -6.7329e-01 -3.5857e+00 -6.8721e-01 +7.1008e-01 -2.0869e-01 +6.7468e-01 -2.7015e+00 +4.2016e-01 -1.8049e-01 +5.2641e-01 +4.7096e-01 +2.9291e+00 -9.4711e-01
217 +1.123457062e+02 +1.123457062e+02 +4.689570624e+01 +4.689570624e+01 +5.4420e-01 -3.5689e-02 +2.0684e+00 +2.7178e+00 +3.6361e+00 -3.3287e+00 -1.6540e+00 +2.0469e+00 -4.5392e+00 -1.2619e+00 -1.6234e+00 +4.2511e+00 +5.4735e-01 +1.8876e+00 +1.2490e+00 +2.3696e+00 +3.5343e-01 -1.3908e-01 -4.5835e+00 -4.3089e+00
225 +8.959698316e+01 +8.959698316e+01 +2.414698316e+01 +2.414698316e+01 -1.1843e+00 +1.4824e+00 +9.9868e-01 +2.8988e+00 -3.6825e-01 +3.8858e+00 +8.3267e-01 +5.9303e-01 -1.1586e+00 -7.4222e-01 -2.3871e-01 +3.3446e+00 -3.1655e+00 -4.2286e+00 +3.7266e+00 -2.5202e-01 +2.6637e+00 +2.1857e+00 -4.1640e+00 -3.6109e+00
253 +8.871225315e+01 +8.871225315e+01 +2.326225315e+01 +2.326225315e+01 -1.1047e+00 +2.3191e+00 -2.5052e+00 +4.4880e+00 -5.0877e-01 +1.0614e+00 +2.7748e+00 -4.1960e-02 -1.1778e+00 +3.2134e+00 -3.4546e+00 +4.9202e+00 -2.5356e-01 +1.6388e+00 +3.2338e+00 +4.6479e+00 +1.3511e+00 +2.0029e+00 -3.6551e+00 -1.0125e+00
2050 +7.855608612e+01 +7.855608612e+01 +1.310608612e+01 +1.310608612e+01 +1.4422e+00 +7.1917e-01 -2.7421e-01 +1.6879e-02 -2.4994e+00 -7.9671e-02 +3.6094e+00 +3.1181e+00 -4.7044e+00 +2.6298e-01 +3.9776e+00 +5.2399e-01 -7.4383e-01 +2.7850e+00 +4.5846e+00 +2.5210e+00 +1.1400e+00 -8.7117e-02 -4.7107e+00 -1.0885e+00
4084 +7.532439314e+01 +7.532439314e+01 +9.874393136e+00 +9.874393136e+00 -2.1873e-01 +1.1449e-02 -1.6086e+00 +2.0935e+00 -4.9346e+00 +2.8192e+00 +2.9474e+00 +1.9988e+00 -3.2268e+00 -2.3323e+00 +3.0471e+00 +2.2759e+00 -3.4471e+00 -2.1990e+00 +2.8212e+00 -7.3190e-01 +4.4114e+00 +1.9535e+00 +3.7910e-01 -2.8410e+00
8202 +7.241206842e+01 +7.241206842e+01 +6.962068421e+00 +6.962068421e+00 -1.1182e-01 -8.9528e-01 -6.9512e-01 +4.3199e+00 -2.0018e-01 -2.1424e+00 +3.9509e+00 -1.3617e+00 -2.1021e+00 -1.4372e+00 +1.1579e+00 +4.6739e+00 -3.4565e+00 +2.4629e-01 -1.9027e-01 -1.5676e+00 -2.1439e+00 +3.7590e+00 -3.2519e+00 -2.7238e+00
17065 +6.683763613e+01 +6.683763613e+01 +1.387636128e+00 +1.387636128e+00 -1.8517e+00 +9.7093e-01 +1.1019e+00 +4.8572e+00 -7.2344e-01 +9.9061e-01 +4.6077e+00 +2.1365e+00 -1.1910e+00 +1.0310e+00 +1.8597e+00 +8.7588e-01 -1.9892e+00 +5.6171e-01 +2.3091e+00 -1.3645e+00 +1.2343e+00 -1.6313e+00 -3.4862e+00 -3.1089e+00
18206 +6.282704409e+01 +6.282704409e+01 -2.622955910e+00 -2.622955910e+00 -1.2867e+00 +1.6824e-01 -1.4837e-01 +2.7137e+00 -1.5678e+00 +2.1492e+00 +4.7619e+00 +1.7195e+00 -3.5349e+00 -2.5212e+00 -5.7367e-01 +3.5209e+00 -4.7841e-01 +5.2409e-01 +1.5955e+00 +3.2206e+00 +4.5670e+00 +4.5119e+00 +4.9240e-01 -2.0239e+00
53525 +5.943720407e+01 +5.943720407e+01 -6.012795925e+00 -6.012795925e+00 -1.0767e+00 +4.8648e+00 -2.5467e+00 +3.0735e+00 -1.1906e-01 -1.8381e+00 +4.2407e+00 +1.7353e+00 -4.9489e+00 -9.1133e-01 -4.0338e-01 +2.1111e+00 -2.7420e+00 +2.5677e+00 -8.0535e-01 -2.4848e+00 +2.3724e+00 +2.1425e+00 +1.5656e-01 -3.6925e+00
82989 +5.065398128e+01 +5.065398128e+01 -1.479601872e+01 -1.479601872e+01 -3.8259e+00 +3.0314e+00 +6.9590e-01 +1.1202e+00 -8.8561e-01 -1.2892e+00 +3.1697e+00 +3.1981e+00 -4.8322e+00 -5.3699e-01 +2.3963e+00 +2.7092e+00 -2.7203e+00 +1.6986e+00 +2.7644e+00 -7.3771e-01 +3.0312e+00 -9.5028e-01 -4.7593e+00 -3.2757e+00
139444 +4.747506451e+01 +4.747506451e+01 -1.797493549e+01 -1.797493549e+01 -8.2138e-01 +4.6529e+00 -2.7777e+00 +4.4411e+00 -1.8569e+00 -4.4602e+00 +2.5339e+00 -1.7680e+00 -4.4324e+00 -1.6029e+00 +3.8678e+00 +4.1065e+00 -1.6088e+00 +1.8614e-01 +3.1809e+00 +3.6672e+00 +3.3566e+00 +2.1722e+00 -1.2020e+00 -2.9780e-01
152555 +4.524387216e+01 +4.524387216e+01 -2.020612784e+01 -2.020612784e+01 -3.2818e-01 -2.8678e-01 -2.8178e+00 +2.2048e+00 -4.8594e+00 -6.3890e-01 +5.1613e-01 -9.1956e-02 -3.6632e+00 +2.7844e-01 +1.7420e+00 +4.2852e+00 -2.6825e+00 -1.5236e-01 +2.4900e+00 +2.6701e+00 +3.5863e+00 -4.9151e-01 -2.2459e+00 -2.5041e-01
340352 +3.105876827e+01 +3.105876827e+01 -3.439123173e+01 -3.439123173e+01 +1.0727e+00 +1.6095e+00 -1.6402e-01 +4.7232e+00 -3.0472e+00 -3.9100e+00 +8.6671e-01 -3.2929e-02 -3.1311e+00 +3.7078e-01 +1.2693e+00 +3.0889e+00 -2.1371e+00 +1.2169e+00 +1.2035e+00 -3.8613e-01 +3.5326e+00 +2.1393e+00 -4.1125e+00 -3.8293e-01
9423035 +2.279999847e+01 +2.279999847e+01 -4.265000153e+01 -4.265000153e+01 -1.5701e+00 +3.4405e+00 -9.2057e-01 +4.8347e+00 -1.7529e+00 -2.0079e+00 +7.5842e-01 +2.3639e+00 -3.5282e+00 -2.8489e+00 -7.9445e-01 +3.4948e+00 -2.0278e+00 +2.2918e+00 +5.3027e-01 -1.4427e-01 +3.5358e+00 +1.9292e+00 -3.1384e+00 -2.6642e+00
81668373 +2.130466978e+01 +2.130466978e+01 -4.414533022e+01 -4.414533022e+01 +8.8814e-01 +3.3290e+00 -5.7881e-01 +1.8617e+00 -2.2262e+00 -2.0644e+00 +1.2675e+00 +2.4582e-01 -4.4197e+00 -7.3105e-01 +4.9028e-01 +3.7740e+00 -3.4147e+00 +1.7201e+00 +2.6566e+00 +1.9108e+00 +3.8064e+00 +3.5888e+00 -2.9590e+00 -2.8339e+00
124954284 +1.948344240e+01 +1.948344240e+01 -4.596655760e+01 -4.596655760e+01 +1.2978e+00 +3.4479e+00 -2.4777e+00 +1.8652e+00 -2.0358e+00 -1.1199e+00 +3.7578e+00 +1.7010e+00 -3.2391e+00 -1.6478e+00 +1.7635e-01 +4.3280e+00 -9.9337e-01 +8.0462e-01 +3.2903e+00 +1.8235e+00 +1.8184e+00 +1.7209e+00 -2.2882e+00 -2.7230e+00
% function evaluation | noise-free fitness - Fopt (-5.761000000000e+01) | best noise-free fitness - Fopt | measured fitness | best measured fitness | x1 | x2...
1 +3.568641618e+02 +3.568641618e+02 +2.992541618e+02 +2.992541618e+02 +3.2195e+00 -4.4529e+00 +1.4174e+00 -3.2489e+00 +4.0023e+00 +3.3211e-01 -2.2969e+00 +4.4656e+00 +3.8134e+00 -4.0624e+00 +4.4493e+00 -1.9731e+00 +4.6265e+00 -4.2596e+00 -3.8841e+00 -2.1379e+00 -2.3092e+00 +2.7018e+00 +3.5820e+00 -4.9096e+00
2 +3.015407679e+02 +3.015407679e+02 +2.439307679e+02 +2.439307679e+02 +4.6197e+00 -3.4266e-01 -3.1740e+00 +4.2909e+00 +1.9577e+00 +1.0249e+00 +4.0245e+00 -1.2455e+00 +6.3007e-01 -1.7909e+00 +2.3611e+00 -4.0314e+00 -4.9006e+00 +5.4541e-01 -3.3131e+00 +4.6407e+00 -4.4095e+00 +1.7760e+00 -4.5691e+00 -3.2546e+00
3 +2.228369557e+02 +2.228369557e+02 +1.652269557e+02 +1.652269557e+02 +4.8863e+00 -5.6391e-01 +4.4266e+00 +1.1411e+00 +3.0370e+00 +1.1165e+00 +2.2137e+00 +2.9454e+00 +4.8798e+00 +1.7176e+00 -2.4374e+00 -1.5161e+00 +3.7030e+00 +2.0760e+00 +4.8325e+00 -1.2223e+00 -3.2891e+00 -2.0965e-01 +4.3910e+00 +2.6179e+00
5 +1.617621819e+02 +1.617621819e+02 +1.041521819e+02 +1.041521819e+02 -1.5386e+00 -4.3859e+00 +3.9328e+00 -6.4139e-01 -5.4618e-01 +1.4879e-01 +1.2164e+00 -3.4660e+00 +2.7611e+00 +1.2776e+00 +1.3659e+00 +8.2901e-01 -3.8188e+00 +3.1719e+00 -6.2604e-01 +1.1924e+00 -9.3501e-01 +2.5699e+00 +1.5046e+00 +1.8291e-01
42 +1.559865208e+02 +1.559865208e+02 +9.837652083e+01 +9.837652083e+01 -4.7193e+00 -3.7046e+00 -2.6061e+00 -5.8426e-01 +4.8592e+00 -1.9099e+00 +2.5622e-01 -4.4020e+00 +2.2912e-02 +1.4401e+00 +9.3230e-01 -4.5647e+00 +2.7996e-02 +3.7027e-01 -8.0607e-01 -1.2610e+00 -4.8675e+00 +3.8772e-01 +3.0449e+00 +1.0398e-01
58 +1.264638001e+02 +1.264638001e+02 +6.885380006e+01 +6.885380006e+01 -4.9542e+00 +4.7532e+00 +2.0861e+00 -3.5722e+00 +3.8005e+00 +3.6592e+00 -9.1698e-02 -7.5081e-01 -1.6530e-01 -1.0710e+00 +1.8379e+00 -2.6410e+00 +2.7961e+00 +2.8427e+00 -1.3477e+00 +2.3271e+00 +4.0400e-01 +2.6321e+00 +2.4122e+00 +3.9440e+00
214 +1.234738353e+02 +1.234738353e+02 +6.586383529e+01 +6.586383529e+01 -3.6880e+00 -2.1148e+00 +3.7776e+00 +6.8965e-01 +4.1246e+00 +4.4401e+00 +3.8191e-01 +1.1973e+00 -9.4991e-01 -2.4190e+00 -5.4559e-02 -2.1431e+00 +2.2876e+00 -2.4799e+00 +1.2634e+00 -1.3327e+00 -3.4378e+00 +4.9534e+00 -1.4682e+00 +1.8929e+00
333 +1.115811199e+02 +1.115811199e+02 +5.397111986e+01 +5.397111986e+01 -4.6990e-01 +1.2050e+00 +3.5812e+00 +3.1437e+00 +2.5435e+00 +3.0514e+00 +4.7534e+00 +2.5164e+00 +2.3280e+00 +1.0456e+00 -3.1891e+00 -8.0916e-01 +2.0189e+00 +2.0837e+00 +2.3578e+00 -7.5494e-01 -3.2670e+00 -8.4606e-01 +1.2833e+00 +2.2089e-01
685 +1.057689721e+02 +1.057689721e+02 +4.815897209e+01 +4.815897209e+01 -3.2885e+00 +2.8625e+00 -1.7729e+00 +3.4794e+00 -3.0980e-02 +3.8885e+00 +2.9274e+00 -2.1001e+00 +2.5306e+00 -1.8688e+00 +1.5827e+00 +3.9369e+00 +3.1951e+00 -2.0941e+00 -3.4703e-01 -2.7018e+00 -1.9135e+00 +3.2671e+00 +4.9029e+00 +1.0090e+00
1054 +6.422813665e+01 +6.422813665e+01 +6.618136650e+00 +6.618136650e+00 -2.2947e+00 +6.7264e-01 +1.0227e+00 +2.2454e+00 +3.6489e+00 +2.1649e+00 +3.3634e+00 -3.2797e+00 +2.9032e+00 -4.3398e+00 +4.3028e+00 -7.5630e-01 +4.2758e+00 +2.6278e+00 -4.9006e+00 -8.3132e-02 -4.1419e+00 +4.5035e+00 +2.3108e+00 -6.1752e-01
20119 +5.787560451e+01 +5.787560451e+01 +2.656045117e-01 +2.656045117e-01 -4.2805e+00 -6.9027e-01 -5.2865e-01 +1.5935e+00 +1.4270e+00 -7.9804e-01 +4.9861e+00 -4.2029e+00 +2.0282e+00 -4.6012e+00 -3.5357e+00 -3.5085e+00 +1.9971e+00 +8.9672e-01 -2.0868e+00 -1.5007e+00 -2.7292e+00 +4.9228e+00 +4.3965e+00 +2.6458e+00
72381 +5.453384819e+01 +5.453384819e+01 -3.076151815e+00 -3.076151815e+00 -4.6146e+00 +1.0695e+00 +5.8058e-01 -3.2307e-01 +2.6279e+00 +2.1747e+00 +3.0776e+00 -3.3966e+00 +2.3413e+00 -1.0298e-01 +1.1756e+00 -6.0454e-01 +4.1131e+00 -2.7778e-01 +1.4945e-01 -2.2731e+00 -4.9771e+00 -1.0350e+00 +2.4017e-01 +3.5771e+00
90602 +4.977183502e+01 +4.977183502e+01 -7.838164976e+00 -7.838164976e+00 -4.7907e+00 +1.8953e+00 +2.2929e+00 +2.8103e+00 +2.0405e+00 +1.4547e+00 +4.9402e+00 -4.4742e+00 +3.5757e+00 -2.3417e+00 -3.1230e+00 -2.9177e+00 +4.8048e+00 +8.2476e-01 -3.2046e+00 +5.7944e-01 -1.6350e+00 +2.5491e-01 -6.9705e-01 -8.0575e-01
197379 +3.596814398e+01 +3.596814398e+01 -2.164185602e+01 -2.164185602e+01 -4.0538e+00 +2.9069e+00 +2.4414e+00 -1.7960e+00 +2.2354e-01 +1.5689e+00 +2.8828e+00 -4.5299e+00 +3.1771e+00 -1.3433e+00 -1.5699e+00 -2.0710e+00 +4.8154e+00 +1.9630e+00 -2.0526e+00 -2.9935e+00 -4.2827e+00 +2.2707e+00 +1.4229e+00 +6.6919e-02
8317415 +3.503695531e+01 +3.503695531e+01 -2.257304469e+01 -2.257304469e+01 -3.7053e+00 +1.5250e+00 +4.6556e+00 +2.9034e+00 +7.7952e-01 +9.5996e-01 +1.0650e+00 -3.0693e+00 +1.8880e+00 -3.5425e+00 -3.2885e-01 -3.1714e+00 +4.7586e+00 +1.6032e+00 -1.9655e+00 -2.5211e+00 -4.8813e+00 +4.8718e+00 +1.7323e+00 +1.0452e+00
18071129 +3.455884719e+01 +3.455884719e+01 -2.305115281e+01 -2.305115281e+01 -2.1126e+00 -8.4903e-02 +1.0744e+00 +2.8590e+00 +2.4806e+00 +1.6615e+00 +8.3624e-01 -4.1591e+00 +3.2503e+00 -2.9376e+00 -1.0684e+00 -4.4029e+00 +4.3350e+00 +1.5171e+00 -4.0227e+00 -1.2638e+00 -1.4041e+00 +2.1288e+00 +7.4343e-02 +2.2000e+00
22024275 +3.155683973e+01 +3.155683973e+01 -2.605316027e+01 -2.605316027e+01 -2.5117e+00 +9.0029e-01 +6.7468e-01 +8.1471e-01 +2.3114e+00 +3.2753e+00 +4.5491e+00 -3.6687e+00 +3.6134e+00 -4.1045e+00 +3.9772e-01 -2.7562e+00 +2.6488e+00 +7.0307e-01 -4.7723e+00 -1.8432e+00 -4.7512e+00 +1.1784e+00 +1.3386e+00 +1.0563e+00
59657918 +2.821933392e+01 +2.821933392e+01 -2.939066608e+01 -2.939066608e+01 -4.0335e+00 +2.3677e-01 +2.0288e+00 +2.6964e+00 +1.4656e+00 +1.1470e+00 +3.3938e+00 -3.0377e+00 +2.1386e+00 -2.9127e+00 +1.9004e+00 -3.6546e+00 +4.1334e+00 +2.3741e+00 -4.3227e-01 -2.8045e+00 -3.6144e+00 +4.7862e+00 +3.0737e-01 +4.9010e+00
65624073 +2.695864067e+01 +2.695864067e+01 -3.065135933e+01 -3.065135933e+01 -3.2712e+00 +3.2565e+00 +1.6666e+00 +3.7235e+00 +2.0797e+00 +2.0404e+00 +2.8822e+00 -2.7008e+00 +4.8031e+00 -3.9669e+00 -1.5740e+00 -1.3137e+00 +2.0109e+00 +2.6482e+00 -1.8241e+00 -1.9684e+00 -4.2275e+00 +4.8534e+00 -3.7477e-01 +1.6499e+00
67722199 +2.681804350e+01 +2.681804350e+01 -3.079195650e+01 -3.079195650e+01 -4.7625e+00 +1.4137e+00 +3.2928e+00 +1.8442e+00 +1.2406e+00 +3.2986e+00 +2.4073e+00 -1.6667e+00 +2.1845e+00 -2.5682e+00 +1.5055e+00 -2.4966e+00 +1.7543e+00 +2.1112e+00 -1.7395e+00 -1.4047e-01 -1.5696e+00 +2.8995e+00 +2.1301e+00 +4.8203e-01
89048719 +2.254051314e+01 +2.254051314e+01 -3.506948686e+01 -3.506948686e+01 -1.8382e+00 -1.5669e-01 +2.2476e+00 +1.1386e+00 +1.6477e+00 +2.1153e+00 +4.4011e+00 -3.1384e+00 +3.2221e+00 -2.2253e+00 -9.8474e-01 +6.7819e-01 +4.2551e+00 +1.5733e+00 -3.7109e+00 -1.6286e+00 -3.6990e+00 +3.5518e+00 +2.0404e+00 +1.9149e+00
% function evaluation | noise-free fitness - Fopt (-2.116000000000e+02) | best noise-free fitness - Fopt | measured fitness | best measured fitness | x1 | x2...
1 +2.268877885e+02 +2.268877885e+02 +1.528778850e+01 +1.528778850e+01 -1.4633e+00 +1.2085e+00 -4.6102e-01 +4.8706e+00 -1.7004e+00 +1.5084e+00 +4.4110e+00 +2.7615e+00 +3.5251e+00 +1.0731e+00 -4.7261e+00 -4.9872e+00 -5.2187e-01 +9.6692e-01 +1.1196e+00 -1.8040e+00 -4.1399e+00 -2.5440e+00 -7.9351e-01 -2.9332e+00
4 +1.792916593e+02 +1.792916593e+02 -3.230834072e+01 -3.230834072e+01 +7.8792e-01 +1.3872e+00 -2.8656e+00 +4.1287e+00 -2.3533e+00 -2.7634e-02 +4.6375e+00 +2.5545e+00 +1.1962e+00 +1.9304e+00 +3.7855e+00 -3.0084e+00 +6.4574e-01 +2.7012e-01 -3.4440e+00 -2.1337e+00 +1.8275e+00 +4.5095e+00 +4.7388e-01 -8.2769e-02
20 +1.543859114e+02 +1.543859114e+02 -5.721408863e+01 -5.721408863e+01 +4.4084e+00 +5.8708e-01 +2.5155e+00 +3.2791e+00 -2.2328e+00 +1.6233e+00 +4.1117e-01 -3.9822e+00 -2.2925e-01 -3.4879e-01 -4.9918e+00 -3.6524e+00 -3.6498e+00 +4.5086e+00 -4.3660e-01 +4.6086e-01 -1.8772e+00 +3.3744e+00 -4.8672e+00 -3.5273e+00
33 +1.414173959e+02 +1.414173959e+02 -7.018260408e+01 -7.018260408e+01 -1.5034e+00 -8.7024e-01 +3.1792e+00 +6.3814e-01 +8.2671e-01 -1.7884e+00 +2.7082e+00 -2.1587e+00 +2.4723e+00 -2.2171e+00 -3.6042e-02 -1.4226e+00 +4.6974e+00 +2.5241e+00 -4.4628e+00 -2.9008e+00 +1.5128e-01 +1.7893e+00 -5.6172e-01 +2.2896e+00
108 +1.161238938e+02 +1.161238938e+02 -9.547610623e+01 -9.547610623e+01 +9.3279e-01 -3.3065e+00 +1.7206e+00 +1.7542e+00 +4.4085e+00 +2.9470e+00 +2.8187e+00 +2.3877e+00 -3.8014e+00 -1.6269e+00 -1.3885e+00 -1.6739e+00 +2.7104e+00 -2.0781e+00 -4.6685e+00 +2.7853e-01 -1.1497e+00 +3.3908e-01 -1.5155e+00 +1.5758e+00
185 +7.508085566e+01 +7.508085566e+01 -1.365191443e+02 -1.365191443e+02 +1.9875e+00 +2.7041e+00 +2.7511e+00 +2.7191e+00 +2.4498e+00 -2.0287e+00 +3.7569e+00 +4.0143e-01 -2.6666e+00 +6.1284e-01 -2.6762e+00 -3.2113e+00 +3.1779e+00 -7.4397e-01 -3.6064e+00 +4.4582e-01 -2.6973e+00 +2.9824e+00 -1.9940e+00 -1.4078e+00
2731 +5.862542341e+01 +5.862542341e+01 -1.529745766e+02 -1.529745766e+02 +1.5118e+00 +9.6273e-01 +3.4314e+00 +4.6346e+00 +2.5624e+00 +3.9291e+00 +2.1660e-01 -4.2306e+00 -3.1967e-01 +7.5828e-01 -1.4222e+00 +1.7736e+00 +1.4451e-01 +4.2049e+00 -3.3874e+00 -4.9282e+00 -3.5995e+00 +4.2182e+00 -6.2910e-01 +1.5501e+00
38312 +4.288168302e+01 +4.288168302e+01 -1.687183170e+02 -1.687183170e+02 +4.2722e+00 -6.8013e-01 +2.6265e+00 +2.8737e+00 +2.1130e+00 +3.9016e-01 +3.4863e+00 -2.1891e+00 -2.0056e-01 +1.7417e+00 -1.9743e+00 +1.4205e-01 +2.0144e+00 -2.0390e+00 -4.4665e+00 -2.8380e+00 -3.4070e+00 +2.0700e+00 -4.9719e+00 +1.9338e+00
2566044 +3.683789923e+01 +3.683789923e+01 -1.747621008e+02 -1.747621008e+02 +2.1415e+00 -6.0779e-01 +3.4015e+00 +4.9412e+00 +1.9154e+00 +1.9251e+00 +3.2127e+00 -3.5962e+00 -2.5446e+00 +3.2906e+00 +3.2423e-01 -8.8889e-01 +1.6282e+00 +4.7067e-02 -1.9138e+00 -4.4877e+00 -1.8803e+00 +3.1796e+00 -1.0457e+00 +4.1062e+00
2603479 +2.449926946e+01 +2.449926946e+01 -1.871007305e+02 -1.871007305e+02 +3.5584e+00 +4.7783e-01 +3.9631e+00 +4.3208e+00 +4.4256e+00 +2.3081e+00 +1.2275e+00 +3.1633e-01 -1.3705e+00 +2.5836e+00 -3.0860e-01 -3.3686e+00 +8.6950e-01 +2.8374e-01 -4.1572e+00 -4.4789e+00 -3.1024e+00 +3.4626e+00 -1.1645e+00 +2.5698e+00
5447778 +2.319055749e+01 +2.319055749e+01 -1.884094425e+02 -1.884094425e+02 +2.7787e+00 +4.2219e-01 +7.3426e-01 +4.1535e+00 +2.4354e+00 +1.7623e+00 +1.1453e+00 -2.4235e+00 -5.2821e-01 +4.0102e+00 -1.6284e+00 -3.0395e+00 +1.0360e+00 -1.5481e+00 -3.9384e+00 -4.0534e+00 -3.7593e+00 +2.7326e+00 -4.4118e+00 +2.8728e+00
128928827 +2.075945680e+01 +2.075945680e+01 -1.908405432e+02 -1.908405432e+02 +3.8624e-01 +2.1868e+00 +3.1808e+00 +3.4534e+00 +3.1581e+00 +2.4112e+00 +1.1146e+00 -3.1535e+00 -9.4468e-01 +1.7307e+00 +4.8719e-01 -9.8471e-01 +2.8817e-01 -2.0762e+00 -3.3181e+00 -3.8693e+00 -3.0419e+00 +3.0276e+00 -1.1633e+00 +9.2826e-01
194967389 +2.038578847e+01 +2.038578847e+01 -1.912142115e+02 -1.912142115e+02 -3.3982e-02 +2.6515e+00 +2.5258e+00 +3.8440e+00 +2.7498e+00 +2.6131e+00 -2.4432e-01 -2.7565e+00 -1.8712e+00 +2.7660e+00 -9.1351e-01 -2.4824e+00 -7.4929e-01 +1.2423e+00 -4.3782e+00 -2.3856e+00 -4.1545e+00 +4.0364e+00 -1.2498e+00 +8.5556e-01
% function evaluation | noise-free fitness - Fopt (-1.188600000000e+02) | best noise-free fitness - Fopt | measured fitness | best measured fitness | x1 | x2...
1 +2.756095949e+02 +2.756095949e+02 +1.567495949e+02 +1.567495949e+02 -1.5058e+00 +1.3111e+00 -4.2246e+00 +1.1281e-01 +4.4349e+00 -2.9687e+00 +1.5759e-01 -1.3354e+00 -4.2040e-01 -1.3423e+00 +2.9315e+00 -1.7794e+00 -1.0030e+00 -4.3032e+00 +7.1161e-01 +4.5791e+00 -1.9384e+00 +2.6744e+00 +4.9692e+00 +3.5279e+00
4 +1.403041410e+02 +1.403041410e+02 +2.144414100e+01 +2.144414100e+01 -1.1239e+00 -2.7457e+00 +5.5586e-01 -3.3537e-02 +3.1365e+00 +1.2789e+00 +3.3894e+00 +3.4439e+00 +1.2368e-01 -1.0654e+00 -3.3313e+00 -3.1928e+00 -5.2829e-01 -1.9156e+00 +3.5608e+00 +3.1511e+00 +3.2431e+00 +2.6745e+00 +1.4643e+00 -1.3824e+00
31 +1.203944976e+02 +1.203944976e+02 +1.534497574e+00 +1.534497574e+00 +1.0437e+00 +2.9263e+00 -2.0343e+00 +2.6656e+00 -1.5814e+00 +1.8502e-01 +2.8688e+00 +3.0769e+00 +2.1801e+00 -5.0243e-01 +4.1645e+00 -2.1086e+00 -2.8367e+00 +4.1825e+00 -3.8339e-01 -2.3568e+00 -1.4121e+00 +2.9079e-01 +1.8924e+00 -8.3131e-01
94 +9.675147287e+01 +9.675147287e+01 -2.210852713e+01 -2.210852713e+01 -9.3011e-01 +9.6485e-03 +3.6088e+00 +4.4207e-01 -1.1228e+00 -1.2103e+00 -1.5279e+00 +3.5571e-01 +9.1342e-01 -2.1644e+00 -3.6511e+00 +1.7050e-02 -2.3890e+00 +3.9100e+00 -6.3696e-01 +9.1998e-01 -1.7934e+00 +1.0875e+00 +9.9551e-01 -1.5559e+00
187 +9.434487066e+01 +9.434487066e+01 -2.451512934e+01 -2.451512934e+01 -3.0177e+00 -8.0438e-01 +3.2275e-01 -2.7282e+00 -4.2863e+00 +1.8345e+00 -2.8418e+00 -1.1428e+00 +3.7007e+00 -1.8338e+00 -2.1802e+00 -4.7233e+00 +2.6996e+00 +1.9398e-01 +2.5961e+00 -2.5864e+00 -2.0699e+00 +2.0766e+00 +3.4794e+00 +3.3755e-01
231 +8.045893078e+01 +8.045893078e+01 -3.840106922e+01 -3.840106922e+01 +1.6567e+00 -1.7224e+00 +4.9643e+00 +2.0123e+00 -3.0461e+00 +3.9946e+00 +3.5575e+00 +1.5750e+00 +3.6392e+00 -7.8101e-01 -2.5445e+00 -4.6567e+00 -4.0754e+00 +1.6651e+00 +1.6959e+00 -2.2522e-01 -9.2335e-01 +4.3399e+00 +9.4565e-01 +4.7789e+00
268 +7.463561784e+01 +7.463561784e+01 -4.422438216e+01 -4.422438216e+01 +1.7641e+00 -2.2787e+00 +8.9840e-01 -8.3828e-01 +1.2603e-01 +1.8222e+00 -1.5554e+00 -1.2055e+00 +4.2749e+00 +2.3066e+00 -2.8320e+00 -2.9339e+00 -3.3093e+00 +3.6083e+00 +2.9690e+00 -4.8083e+00 -7.5814e-01 +4.0629e+00 +1.2902e+00 +1.7293e+00
2580 +6.924207212e+01 +6.924207212e+01 -4.961792788e+01 -4.961792788e+01 -1.8022e+00 -4.7540e+00 +2.8800e+00 +2.4552e-01 -4.8423e+00 +2.3109e+00 -2.8052e-02 +4.3184e+00 +4.8086e+00 -2.9578e-02 -4.0976e+00 -3.0326e+00 -1.7801e+00 -1.2387e+00 +1.5482e+00 -4.2708e+00 -7.9041e-02 +4.6146e+00 +5.9794e-01 +1.0628e+00
15624 +6.449203145e+01 +6.449203145e+01 -5.436796855e+01 -5.436796855e+01 -1.9260e+00 +2.6237e+00 +3.4719e+00 +8.8561e-01 -4.3243e+00 +1.2236e+00 +1.3631e-01 +3.5037e-01 +9.5762e-01 +8.1457e-01 -2.2072e+00 -4.8806e+00 -3.6778e-01 +4.7758e-01 -9.8641e-01 -1.8939e+00 -2.4195e+00 +2.8300e+00 +3.6576e+00 +3.4134e+00
41677 +5.907446223e+01 +5.907446223e+01 -5.978553777e+01 -5.978553777e+01 +2.1695e+00 +1.5210e+00 -5.0266e-01 +8.7076e-01 -3.1694e+00 +2.6178e+00 +8.1590e-02 +2.3181e+00 +1.9742e+00 -2.2178e+00 -3.9891e+00 -1.5936e+00 -3.8148e+00 +4.2874e+00 +3.5076e+00 -1.7690e+00 -1.4984e+00 +4.7472e+00 +9.5355e-01 -2.1802e+00
64721 +5.765321683e+01 +5.765321683e+01 -6.120678317e+01 -6.120678317e+01 +2.6889e+00 +1.9768e+00 +5.4085e-01 -1.4053e+00 -1.8206e+00 -2.2704e+00 +1.4423e+00 +4.5179e+00 +2.4318e-01 +1.7826e+00 -4.7539e+00 -1.6270e+00 -1.9812e+00 +3.7319e+00 -2.5433e-01 -3.2196e+00 +3.4822e-01 +4.8091e+00 +4.3287e+00 +8.9343e-01
69192 +5.719051530e+01 +5.719051530e+01 -6.166948470e+01 -6.166948470e+01 +4.0762e-01 -2.3130e+00 +9.5451e-01 -1.8197e+00 -4.2503e+00 -7.2678e-01 +1.6439e+00 +4.6484e+00 +9.9032e-01 -1.6920e+00 +4.1023e-01 -1.1468e+00 -1.7159e+00 +2.4048e+00 +1.6594e+00 -2.4474e+00 +5.9644e-01 -6.7101e-01 +4.7713e+00 +9.6077e-01
179207 +5.229206721e+01 +5.229206721e+01 -6.656793279e+01 -6.656793279e+01 +2.2898e+00 -2.4951e+00 +1.3923e+00 -1.5507e+00 -1.5134e+00 -3.7240e-01 +2.8010e+00 +1.2461e+00 -3.6835e-01 -1.0184e+00 -1.3499e+00 -3.7973e+00 -2.9196e+00 +3.3167e-01 +7.7170e-01 -1.6537e+00 -2.4242e+00 +4.9097e+00 +1.4815e+00 +3.1605e+00
405160 +4.679441103e+01 +4.679441103e+01 -7.206558897e+01 -7.206558897e+01 -3.0588e-01 +7.7397e-01 -1.6791e+00 -3.6480e+00 -2.6797e+00 +6.0514e-01 +1.4312e+00 +2.7979e+00 +1.9492e+00 -1.3791e+00 -2.7196e+00 -1.8332e+00 -3.8127e-01 +1.3984e+00 +3.3471e+00 +1.5482e+00 -2.1996e+00 +2.8167e+00 +4.3372e+00 -3.9982e-01
755164 +4.506317608e+01 +4.506317608e+01 -7.379682392e+01 -7.379682392e+01 -1.4349e+00 -1.4063e+00 -7.8837e-01 -3.6574e+00 -3.2629e+00 +1.1424e+00 +2.7831e+00 +3.4022e+00 +4.5798e+00 +2.0919e+00 -1.0951e+00 -3.0952e+00 -3.1826e+00 +2.9251e+00 +2.7397e-01 -2.1868e+00 +8.3621e-01 +4.9095e+00 +3.2903e+00 -2.2372e+00
1834935 +3.958663840e+01 +3.958663840e+01 -7.927336160e+01 -7.927336160e+01 -2.4088e+00 -1.2694e+00 +7.3395e-02 -2.3335e+00 -3.9650e+00 +6.8473e-01 +8.1296e-01 +3.3554e+00 +3.9379e+00 +6.1185e-02 -2.5860e+00 -3.5471e+00 +1.0323e+00 +3.0501e+00 +8.9044e-01 -9.7223e-01 +6.4494e-01 +2.8861e+00 +1.6777e+00 -1.8342e-01
3294144 +3.676258013e+01 +3.676258013e+01 -8.209741987e+01 -8.209741987e+01 +1.9946e+00 +1.3125e+00 +5.3710e-01 -1.5669e+00 -2.6164e+00 +3.2834e+00 +3.5648e+00 +1.8894e+00 +1.3398e-01 -9.1266e-01 -2.9236e+00 -3.8254e+00 -2.5768e+00 +2.6815e+00 +3.6380e+00 -2.9558e+00 -2.1584e+00 +4.4378e+00 +2.5177e+00 -2.3193e-01
5680908 +2.826772201e+01 +2.826772201e+01 -9.059227799e+01 -9.059227799e+01 +1.5626e+00 -5.9886e-01 +2.9424e+00 -9.2306e-01 -2.4784e+00 +3.4011e+00 +1.7799e+00 +2.7835e+00 +3.4163e+00 +6.5177e-01 -2.8500e-01 -2.6451e+00 -2.5326e+00 +3.0954e+00 -2.3119e-01 -1.1034e+00 +2.3381e-01 +3.4764e+00 +3.1228e+00 +7.3272e-01
56293872 +2.502888666e+01 +2.502888666e+01 -9.383111334e+01 -9.383111334e+01 -1.9692e+00 -2.1881e+00 +1.3257e+00 +4.5530e-01 -4.3892e+00 +8.7710e-01 +2.8246e+00 +3.3403e+00 +3.0263e+00 +3.2547e-01 -3.9566e+00 -2.7213e+00 -2.7641e+00 +2.5367e+00 +1.7570e-01 -1.9470e+00 -1.2864e+00 +3.8124e+00 +4.4443e+00 -5.9502e-01
173096224 +2.356280379e+01 +2.356280379e+01 -9.529719621e+01 -9.529719621e+01 +1.6825e+00 -1.4387e-01 +2.3304e-01 -1.6203e+00 -2.6582e+00 +2.7153e+00 +1.4761e+00 +3.7035e+00 +8.0879e-01 -1.3231e-01 -4.1232e+00 -3.9285e+00 -4.9242e+00 +2.2579e+00 +3.5304e+00 -1.0542e+00 -5.5407e-01 +2.7682e+00 +3.7157e+00 +1.0074e+00
