% function evaluation | noise-free fitness - Fopt (1.491500000000e+02) | best noise-free fitness - Fopt | measured fitness | best measured fitness | x1 | x2...
1 +5.391694355e+05 +5.391694355e+05 +5.393185855e+05 +5.393185855e+05 -6.8159e-01 +1.9719e+00 +3.0092e+00 -1.6222e+00 -3.1140e+00 +4.1491e+00 -3.6322e+00 +1.5448e+00 +1.6758e+00 -4.9277e+00 -3.0384e+00 -1.6303e+00 +2.0878e+00 -1.1196e+00 +3.2212e+00 -1.3656e+00 -1.4832e+00 +4.8863e+00 +4.0089e+00 +4.2739e+00
2 +2.199423535e+05 +2.199423535e+05 +2.200915035e+05 +2.200915035e+05 +6.0451e-01 -5.6816e-01 -8.6333e-01 +1.8618e+00 -4.9187e+00 -2.6446e+00 +9.1911e-01 -4.9965e+00 -6.4279e-01 +1.4639e+00 -4.7720e+00 +4.7955e+00 +4.4635e+00 +4.0573e+00 +2.5275e+00 +4.9355e-01 +1.1694e+00 +3.1734e+00 +2.2221e+00 +1.4799e+00
18 +1.869874220e+05 +1.869874220e+05 +1.871365720e+05 +1.871365720e+05 +4.1802e+00 +2.2677e-01 +6.9199e-01 +4.7918e-01 -1.9278e+00 -2.1130e+00 -2.1981e+00 -1.8573e+00 -1.1218e+00 -3.4211e+00 -2.9587e+00 +1.1229e+00 +4.6052e+00 -4.8832e+00 -1.1452e+00 +1.1477e-01 -2.5695e+00 +4.8985e+00 -2.9619e+00 +2.6706e+00
37 +1.575357757e+05 +1.575357757e+05 +1.576849257e+05 +1.576849257e+05 -3.5655e+00 +1.2432e+00 -4.6778e+00 -1.0077e+00 -2.3672e-02 -2.6802e+00 -8.2572e-01 +9.6063e-01 +1.9902e+00 +4.8940e+00 -4.0711e-01 -3.4198e+00 +4.2912e+00 +2.2134e-01 -3.4470e+00 -1.3676e+00 -7.1601e-01 -3.0373e+00 -1.7553e-01 -2.0944e+00
78 +1.492929282e+05 +1.492929282e+05 +1.494420782e+05 +1.494420782e+05 -2.3217e+00 -4.7183e+00 +8.9781e-01 +6.5848e-01 +2.5312e-01 -4.8127e+00 +1.3564e+00 -1.1224e+00 -7.8110e-01 -6.8566e-01 +2.0068e+00 +4.4029e+00 +3.7470e+00 +2.1695e+00 -9.6170e-01 -1.6514e+00 -2.9743e+00 +1.6924e+00 -3.0214e+00 -6.9822e-01
100 +2.844162870e+04 +2.844162870e+04 +2.859077870e+04 +2.859077870e+04 -1.2304e+00 +1.8756e-01 -6.5319e-01 +3.7801e+00 -4.1866e+00 -2.3222e+00 -2.2264e+00 -2.9983e+00 -1.3377e+00 -1.9220e+00 -7.0260e-01 -1.5819e+00 +4.5046e+00 +1.8186e+00 +3.2042e-01 +2.1811e-02 -2.7303e+00 +1.6803e+00 -3.2164e+00 -3.9850e+00
2058 +2.440286854e+04 +2.440286854e+04 +2.455201854e+04 +2.455201854e+04 -2.7217e+00 -4.8314e-01 +1.8456e-02 +2.6467e+00 -2.5898e+00 -8.0385e-02 -2.6562e+00 -3.2287e+00 +6.1009e-01 -2.4741e+00 +4.2412e-01 -1.9803e+00 +2.2364e+00 -1.4900e+00 -3.3938e+00 -1.8804e+00 -2.6921e+00 -2.2068e+00 -7.2415e-01 -7.5266e-01
3527 +2.241615362e+04 +2.241615362e+04 +2.256530362e+04 +2.256530362e+04 -1.0223e+00 -1.4720e+00 +1.9409e+00 +2.3918e+00 -1.6542e+00 -2.1312e+00 -8.8063e-01 -1.7463e-01 -6.7591e-01 -1.6740e+00 -1.5008e+00 +3.1922e+00 +3.1787e+00 -1.8699e+00 -3.5333e+00 -1.9716e-01 +6.5985e-03 +3.5737e-01 -4.5555e+00 -2.9579e+00
9817 +2.150958396e+04 +2.150958396e+04 +2.165873396e+04 +2.165873396e+04 -2.2847e-01 -8.1630e-01 -1.0817e+00 -2.0813e+00 -3.3753e+00 -7.2193e-02 +3.6492e-01 -2.4794e+00 -4.4446e-01 -2.9317e+00 -1.1739e+00 +7.5378e-01 +2.5784e+00 -1.7770e+00 -4.1324e+00 -3.3590e-01 -1.1291e+00 -9.0887e-01 -5.6306e-01 -4.8999e+00
200321 +1.517800519e+04 +1.517800519e+04 +1.532715519e+04 +1.532715519e+04 -1.3662e+00 -1.2255e+00 -4.0608e-01 +1.7082e+00 -2.5131e+00 -2.3519e+00 -3.8682e+00 -3.1825e-01 -1.0138e+00 +2.4778e+00 -5.7219e-01 -1.3301e+00 +4.1625e-01 +2.3834e-01 +4.2634e-01 -9.2385e-01 -1.1609e+00 -1.1879e+00 -1.8298e+00 +1.3966e+00
1243841 +9.597510897e+03 +9.597510897e+03 +9.746660897e+03 +9.746660897e+03 -4.7955e-01 -3.3402e+00 +1.1888e+00 +1.7042e+00 -2.5105e+00 -2.0800e+00 +1.8308e-01 -2.5896e+00 -2.2741e+00 +7.4628e-01 -5.4638e-01 +4.7990e-01 +2.9068e+00 -1.3375e+00 -2.3580e+00 -5.3320e-01 -1.6750e+00 -2.8858e+00 +3.8569e-01 +4.6635e+00
11018295 +5.798735878e+03 +5.798735878e+03 +5.947885878e+03 +5.947885878e+03 -7.4344e-01 +7.2550e-01 +1.2378e-01 +5.0535e-01 -3.8600e+00 -2.5873e+00 -2.0855e+00 -2.3295e+00 -1.3055e-01 -1.7454e+00 -3.1730e+00 -2.1214e+00 +1.5559e+00 -5.1126e-01 -2.4039e+00 -2.0463e+00 -9.1375e-01 +7.2487e-01 -7.8457e-01 +2.4729e+00
72939244 +5.656167531e+03 +5.656167531e+03 +5.805317531e+03 +5.805317531e+03 +2.6796e-01 -2.5629e+00 -2.0005e+00 +1.7820e-02 -4.5483e+00 -1.4344e+00 -9.2984e-02 -2.2386e+00 +8.2097e-01 -1.2772e+00 -3.6315e+00 +7.3027e-01 +1.9450e+00 -1.6600e+00 -1.9995e+00 -9.3473e-01 -1.5792e+00 -4.6178e-01 -1.4934e+00 -1.0177e+00
162138200 +4.969498222e+03 +4.969498222e+03 +5.118648222e+03 +5.118648222e+03 -1.6615e+00 -2.0666e+00 +2.1092e-01 +3.0534e+00 -2.5985e+00 -9.1805e-01 -2.2509e+00 -1.6241e+00 +2.1429e-01 -1.2784e+00 -4.1190e+00 -8.6706e-01 +1.0034e+00 -1.1614e+00 -7.0109e-01 -1.9332e+00 -1.3271e+00 -1.1205e+00 -3.8421e+00 -7.5168e-01
% function evaluation | noise-free fitness - Fopt (-1.000000000000e+03) | best noise-free fitness - Fopt | measured fitness | best measured fitness | x1 | x2...
1 +1.494328774e+06 +1.494328774e+06 +1.493328774e+06 +1.493328774e+06 -4.2407e+00 +8.9024e-01 +2.5256e+00 +1.6599e+00 +4.5852e+00 -2.1704e+00 +1.0698e+00 -1.8657e-01 -3.8518e+00 +2.0058e-01 +3.6702e+00 +2.4871e+00 +2.1042e+00 +2.9133e+00 -8.7621e-01 -4.7802e+00 +4.1549e+00 +4.7094e+00 +4.8876e+00 -7.4190e-01
2 +3.918665062e+05 +3.918665062e+05 +3.908665062e+05 +3.908665062e+05 +1.4849e+00 -2.9071e+00 -3.4009e+00 -4.0897e+00 +5.6591e-01 +3.3933e+00 -1.7005e+00 -4.7894e+00 +4.3360e+00 +1.1155e+00 -4.4287e+00 +2.5742e-01 -3.6873e+00 -2.8515e-01 -1.6190e+00 -1.1949e+00 +3.1922e+00 -4.8615e+00 +3.1664e+00 -3.4889e-01
5 +3.504882592e+05 +3.504882592e+05 +3.494882592e+05 +3.494882592e+05 -1.4392e+00 +4.7995e+00 -2.3302e+00 +1.4673e+00 -4.5250e+00 +4.3210e+00 -1.4914e+00 +2.5424e+00 -1.3940e+00 +3.2641e+00 -2.3331e+00 +3.1038e+00 +1.8081e+00 -2.3008e+00 -3.2830e+00 +1.3495e+00 +4.6372e+00 -1.6576e+00 -3.9297e+00 -4.6724e+00
10 +3.396223397e+05 +3.396223397e+05 +3.386223397e+05 +3.386223397e+05 -9.2642e-01 +6.8438e-01 -1.3825e+00 -2.0029e+00 -7.0773e-01 -3.3284e+00 +2.9487e+00 -4.7935e+00 +1.5346e-01 +9.2941e-01 +8.9420e-01 -3.8286e+00 +2.9279e-01 -3.4106e+00 -7.0471e-01 +3.9501e+00 +2.5374e+00 -4.0495e+00 +2.8434e+00 +4.2989e+00
16 +3.190138165e+05 +3.190138165e+05 +3.180138165e+05 +3.180138165e+05 -5.3446e-01 -3.8664e+00 -4.7022e+00 +1.5267e+00 +2.3300e-01 -1.7554e+00 -3.5657e+00 +1.6304e+00 -9.8465e-01 +3.6506e+00 +1.2163e+00 -3.0962e+00 +2.3705e+00 -2.1932e+00 +2.3834e+00 +2.7521e+00 -4.4706e+00 +8.7502e-01 +4.5910e-01 +1.2085e+00
17 +1.765960231e+05 +1.765960231e+05 +1.755960231e+05 +1.755960231e+05 -3.1425e-01 +9.9069e-01 +4.3629e+00 +4.1633e-01 -3.4522e+00 +2.7300e+00 -5.2951e-01 -1.4637e+00 -4.6830e+00 +4.9257e+00 -9.7116e-01 -6.9854e-01 -4.2194e+00 +1.1019e+00 +1.3443e+00 +1.5011e+00 +8.5199e-01 -4.3121e+00 -3.6539e-01 -4.9202e+00
52 +1.720879833e+05 +1.720879833e+05 +1.710879833e+05 +1.710879833e+05 -4.1378e+00 -1.8123e+00 -1.7606e+00 +7.4331e-01 -4.0255e+00 -4.2716e-01 +1.7428e+00 +1.1622e+00 +2.0558e+00 +4.2215e+00 -3.1076e+00 -2.9588e+00 -4.2747e+00 +1.3003e+00 -1.6765e+00 -3.6220e+00 +2.5498e+00 -4.0458e+00 +7.5405e-01 +2.5923e-01
58 +1.278349207e+05 +1.278349207e+05 +1.268349207e+05 +1.268349207e+05 -3.1522e+00 -1.4862e+00 -1.1609e+00 -3.5763e+00 -4.9183e+00 -4.4264e+00 -3.1012e+00 -2.9370e-01 -4.8846e+00 +7.6339e-01 -1.9912e+00 -2.0560e+00 -3.3253e+00 -2.5665e+00 -3.3940e+00 +1.1629e-01 -1.7070e-01 -8.9222e-01 +4.4256e-01 +3.3147e+00
925 +1.190376865e+05 +1.190376865e+05 +1.180376865e+05 +1.180376865e+05 -3.7846e+00 -3.2400e+00 -2.1273e+00 -2.7484e+00 -1.0851e+00 -6.1030e-01 -3.7895e+00 -4.6238e+00 +1.4651e+00 +1.3190e+00 -3.9574e+00 +1.2349e+00 +2.8759e+00 -4.1158e+00 -1.0800e+00 +2.5579e+00 +8.2248e-01 -3.5273e-01 +2.2016e-01 -1.3650e+00
1524 +1.120511647e+05 +1.120511647e+05 +1.110511647e+05 +1.110511647e+05 -2.4145e+00 -3.1532e+00 +3.0278e+00 -9.1992e-01 -2.0614e+00 +3.6388e+00 -4.5643e+00 -4.2649e+00 +3.2942e+00 -1.1758e+00 -1.8110e-01 +3.9519e-01 +4.3892e-01 -3.5967e+00 +2.0537e-02 -4.1025e+00 -3.9161e+00 -2.4569e+00 -2.3121e+00 -6.3505e-01
1841 +8.723441811e+04 +8.723441811e+04 +8.623441811e+04 +8.623441811e+04 -3.7075e+00 -3.2369e+00 +6.1155e-01 -3.2993e+00 -3.2268e+00 -3.8350e+00 -3.5785e-01 -1.2490e+00 +2.2342e+00 -1.5162e+00 +1.4728e+00 -2.5241e+00 -5.9506e-01 +1.9020e-02 +8.3216e-01 +1.3176e+00 +2.8948e+00 -3.6734e+00 -4.9596e+00 -3.6403e+00
3062 +4.313661793e+04 +4.313661793e+04 +4.213661793e+04 +4.213661793e+04 -4.6755e+00 +3.2191e+00 +2.3994e+00 -1.3061e+00 -1.8798e-01 -1.0587e+00 -2.8114e+00 -3.2082e+00 -7.2564e-03 +3.0226e+00 -2.0587e+00 -4.0914e+00 -2.7420e+00 -9.8863e-02 +5.1162e-01 -4.1509e+00 +1.9125e+00 -6.2130e-01 -1.0912e+00 +7.8034e-01
3063 +3.041395176e+04 +3.041395176e+04 +2.941395176e+04 +2.941395176e+04 -4.1287e+00 +1.6531e+00 -9.3451e-02 -4.7807e-01 -1.9720e+00 -1.6640e+00 -3.6474e+00 -2.2167e+00 -9.5043e-01 +2.3343e+00 -2.3374e+00 -1.6760e+00 +1.8936e+00 -1.1690e+00 -2.1866e+00 -3.5190e+00 -1.2573e+00 -1.4851e+00 -4.3238e+00 -1.3354e+00
33089 +2.357814968e+04 +2.357814968e+04 +2.257814968e+04 +2.257814968e+04 -9.7842e-01 +9.6029e-01 -5.2230e-01 -9.9667e-01 -1.3399e+00 +6.9503e-01 -2.8173e+00 -1.0540e+00 -1.2971e+00 +1.8044e+00 -4.3608e+00 -2.2606e+00 -1.4363e+00 -4.8798e+00 -3.0976e+00 -6.5861e-01 +6.2553e-01 -4.1613e+00 -1.8817e+00 +2.9557e-01
178784 +1.674574945e+04 +1.674574945e+04 +1.574574945e+04 +1.574574945e+04 -2.3551e+00 -2.3920e+00 +1.1033e+00 -1.3439e+00 -3.9082e+00 -1.0300e+00 -3.0214e+00 -2.6719e-01 -6.0773e-01 +2.7217e+00 +5.1763e-01 -3.0559e+00 -9.8640e-01 -3.8762e+00 -7.2444e-01 -3.8278e+00 +7.1987e-01 -4.1078e+00 -3.8492e+00 -4.7498e+00
425849 +1.585904757e+04 +1.585904757e+04 +1.485904757e+04 +1.485904757e+04 -3.3226e+00 +1.5752e+00 +2.7015e+00 -4.4621e+00 -2.2270e+00 -3.0812e+00 -4.4058e+00 -2.8225e+00 -1.5421e+00 +2.8183e+00 -2.8625e+00 -6.2762e-01 +3.3784e-01 -4.5180e+00 +2.0894e+00 -3.3459e-01 +4.1749e-01 -3.1651e+00 -2.8370e+00 +2.2642e-02
1480724 +1.571989925e+04 +1.571989925e+04 +1.471989925e+04 +1.471989925e+04 -3.3889e+00 -6.8900e-01 +2.9461e+00 -2.1949e-01 -2.9003e+00 -6.0908e-01 -2.0747e+00 -3.3248e+00 +2.8798e+00 +2.2397e+00 -1.7911e+00 -1.4449e+00 -2.2062e+00 -2.0333e+00 -1.1589e+00 +4.9346e-01 -4.8062e-02 -3.1413e+00 -1.1626e+00 +3.9989e+00
2134434 +1.170677493e+04 +1.170677493e+04 +1.070677493e+04 +1.070677493e+04 -4.7504e+00 -1.1532e+00 +1.0924e-01 -2.6655e+00 -2.1512e+00 -1.0462e+00 -3.2466e+00 -7.4613e-01 +2.0248e+00 +1.0183e+00 -1.2715e+00 -9.7017e-01 +4.7580e-01 -3.5564e+00 +2.4804e+00 -6.6386e-01 +5.5993e-01 -4.7222e+00 -9.7879e-01 -4.9549e+00
3882372 +1.027408871e+04 +1.027408871e+04 +9.274088714e+03 +9.274088714e+03 -2.4488e+00 -1.1312e+00 +2.0568e+00 -3.8603e+00 -3.2819e+00 -1.6319e+00 -2.0964e+00 -2.8560e+00 +8.1992e-02 +3.7329e+00 +5.9162e-01 -2.4505e+00 +4.0873e-01 -3.3868e+00 -1.4520e+00 -2.6205e+00 +5.4807e-01 -2.5673e+00 -3.6528e+00 -1.9401e+00
4446427 +4.797660114e+03 +4.797660114e+03 +3.797660114e+03 +3.797660114e+03 -2.9330e+00 +1.6195e+00 +1.4146e+00 -3.2865e+00 -1.8325e+00 -1.4237e+00 -3.0170e+00 -8.9200e-01 -9.8120e-01 +2.2342e+00 -1.0994e+00 -3.4506e+00 -4.0082e-01 -2.2987e+00 +2.1722e+00 -1.4928e+00 +2.0537e-01 -4.9233e+00 -1.1903e+00 -1.0034e+00
71416133 +4.736407930e+03 +4.736407930e+03 +3.736407930e+03 +3.736407930e+03 -3.7292e+00 +1.5589e+00 +7.5363e-01 -1.4434e+00 -2.9200e+00 -4.3836e-01 -4.0212e+00 -1.4289e+00 -9.2430e-01 +3.1299e+00 -6.8155e-01 -2.1840e+00 -1.8388e+00 -4.8472e+00 +2.1723e-01 -2.4184e-01 -1.8035e+00 -2.8433e+00 -3.3341e+00 +1.0195e+00
% function evaluation | noise-free fitness - Fopt (9.862000000000e+01) | best noise-free fitness - Fopt | measured fitness | best measured fitness | x1 | x2...
1 +8.850521933e+05 +8.850521933e+05 +8.851508133e+05 +8.851508133e+05 +4.9717e-01 +2.0359e+00 -2.8741e+00 -2.3712e+00 +4.5515e+00 +3.5357e+00 +2.6909e+00 -2.3004e+00 +2.2980e+00 +4.4010e+00 +4.9054e+00 +8.4100e-01 -3.1664e-01 -6.0775e-01 +4.2936e+00 +3.3162e+00 +1.7253e-01 -3.5648e+00 +6.2381e-01 +4.2863e+00
3 +8.433285087e+05 +8.433285087e+05 +8.434271287e+05 +8.434271287e+05 +7.1149e-01 +3.5580e+00 +3.5839e+00 -4.5579e+00 +4.1874e+00 +4.2103e+00 -3.9300e+00 -6.2775e-02 +4.2628e+00 -1.2196e-01 +1.1469e+00 +4.6191e+00 +2.6534e-02 -6.3973e-01 -1.7886e+00 -1.1551e+00 -3.1991e+00 +1.8629e+00 -1.6997e+00 -1.7215e+00
5 +6.094488235e+05 +6.094488235e+05 +6.095474435e+05 +6.095474435e+05 -3.9669e+00 -4.3577e+00 +3.5570e+00 +3.4279e+00 +1.1770e+00 +1.9552e+00 +4.2254e+00 -1.7547e+00 +2.8703e+00 -3.9383e+00 -1.5696e+00 -4.9747e+00 +8.6283e-01 -1.4298e+00 -1.6810e+00 -4.8589e+00 -2.2168e+00 +3.1151e+00 +1.4673e+00 -4.6024e+00
9 +2.878429577e+05 +2.878429577e+05 +2.879415777e+05 +2.879415777e+05 -2.6692e+00 +2.2572e+00 +3.9467e+00 -4.9831e+00 +2.7216e+00 +4.0801e+00 -2.0481e+00 +1.0788e+00 +1.7789e+00 -5.9828e-01 +1.2642e+00 -7.1339e-01 -3.2648e+00 -3.7151e+00 -4.5420e+00 +2.0385e+00 -2.2831e+00 +3.3353e+00 +1.7984e+00 +3.2317e+00
49 +1.813475567e+05 +1.813475567e+05 +1.814461767e+05 +1.814461767e+05 -4.2227e+00 +8.4435e-01 +4.4121e+00 +2.9146e+00 +4.4143e-01 +5.7001e-01 -2.1876e+00 -2.4764e+00 -5.9998e-02 +1.4271e+00 +6.6316e-02 -6.0171e-01 -2.7572e+00 -4.7182e+00 -1.1873e+00 -8.2702e-01 -5.1112e-01 -3.7751e-01 +3.3178e+00 -9.1964e-01
196 +1.357339913e+05 +1.357339913e+05 +1.358326113e+05 +1.358326113e+05 -6.8831e-01 -7.8360e-01 +3.4999e+00 -4.4350e+00 -1.0923e-01 +3.1591e+00 -3.7782e-01 -2.0273e+00 -3.8559e+00 -3.2476e+00 -3.6884e+00 -1.8775e+00 +4.7549e+00 -1.2212e+00 -3.7836e+00 -4.1307e+00 -3.4673e+00 +2.1743e+00 -2.2134e+00 -1.3530e+00
641 +9.693546346e+04 +9.693546346e+04 +9.703408346e+04 +9.703408346e+04 -3.7108e+00 +1.7376e-01 -2.4154e+00 -3.8048e+00 +3.3870e+00 +7.5555e-01 -2.8247e+00 -1.3978e+00 -3.7661e+00 +8.6787e-02 -1.2516e+00 -4.8710e+00 -1.4600e+00 -2.2501e+00 +7.5313e-01 -3.6584e+00 +1.0425e+00 +4.6238e-01 +9.9882e-01 -8.8607e-01
695 +4.568858007e+04 +4.568858007e+04 +4.578720007e+04 +4.578720007e+04 -4.1470e+00 +5.5061e-01 +2.4906e+00 -4.1468e+00 +1.1776e+00 +2.3827e-01 -7.4805e-01 +3.1595e-02 -2.6545e+00 -2.2252e+00 +2.7273e-01 -2.5471e+00 +2.5705e+00 -2.2594e+00 -1.0536e+00 -2.9092e+00 -1.8021e+00 +1.7935e+00 -2.0398e+00 +5.2679e-02
9627 +3.064006982e+04 +3.064006982e+04 +3.073868982e+04 +3.073868982e+04 +3.8081e-01 -4.4628e+00 +2.7111e+00 -2.8745e+00 -2.7770e+00 +1.0422e+00 -4.5021e+00 -2.7741e+00 -3.8158e+00 +1.1187e+00 +1.3639e+00 -4.1724e-01 +2.9875e+00 -4.8766e+00 -4.6843e+00 -3.9196e+00 +1.1021e+00 -1.3184e+00 +3.3757e+00 -1.4484e+00
44798 +2.992122012e+04 +2.992122012e+04 +3.001984012e+04 +3.001984012e+04 +9.0964e-01 +3.0409e-01 -1.3937e+00 -1.9739e+00 +1.1530e+00 -5.4363e-01 -2.0996e+00 -4.4933e+00 -2.3541e+00 -3.7062e+00 -5.0212e-02 -2.5627e+00 +2.9232e+00 -2.7622e+00 -3.6958e+00 -3.5561e+00 +3.4977e-01 +6.1711e-01 +5.7967e-01 +2.9673e+00
228675 +2.045194389e+04 +2.045194389e+04 +2.055056389e+04 +2.055056389e+04 +4.6367e-01 -1.7525e+00 +1.6625e+00 -1.3414e+00 +2.0125e+00 +2.6115e+00 -1.1835e+00 -4.5534e+00 -3.1014e+00 +1.4894e+00 +2.0209e+00 -2.8224e-01 -1.5997e-01 -1.8786e+00 -4.9921e+00 -1.7158e+00 -4.1749e-01 +3.3234e+00 +1.9415e+00 +2.4578e+00
1759252 +1.846301892e+04 +1.846301892e+04 +1.856163892e+04 +1.856163892e+04 -3.6919e+00 -1.3315e-02 +1.7830e+00 -3.1326e+00 +1.4649e+00 +1.7549e+00 -3.8859e+00 -2.1610e+00 -4.5773e+00 -1.0904e+00 +4.4044e-01 -4.0426e+00 -6.6862e-01 -3.7988e+00 -1.6232e+00 -3.3937e+00 +2.6547e+00 +2.4661e+00 +4.7439e+00 +1.9988e+00
3591472 +1.754327251e+04 +1.754327251e+04 +1.764189251e+04 +1.764189251e+04 -2.6751e+00 -1.7236e+00 -8.1816e-01 -2.1637e+00 +6.4325e-02 +4.5885e-01 -1.3559e+00 -4.6503e+00 -1.5905e+00 +3.2172e-01 -1.0577e+00 -8.6493e-01 -1.0695e+00 -4.5641e+00 -1.2894e+00 -2.4548e+00 -9.7326e-01 -1.6010e+00 +7.5599e-01 +4.4662e+00
6322762 +8.692038414e+03 +8.692038414e+03 +8.790658414e+03 +8.790658414e+03 -1.1861e+00 -3.6847e+00 +3.0178e+00 -3.5842e+00 -1.7431e+00 +2.5917e+00 -2.3817e+00 -3.3462e+00 -3.0736e+00 -6.6812e-01 +2.3597e+00 -2.2200e+00 +2.6813e+00 -3.7144e+00 -2.8825e+00 -3.1909e+00 +5.6475e-01 +9.6268e-01 +2.6145e-01 -1.4134e+00
101068913 +6.932049242e+03 +6.932049242e+03 +7.030669242e+03 +7.030669242e+03 -8.6003e-01 -3.1225e+00 +1.4531e+00 -1.6218e+00 -7.2033e-02 +2.1387e+00 -3.5296e+00 -3.0726e+00 -2.2741e+00 -1.5677e+00 +8.9305e-01 -4.1349e+00 +8.3395e-01 -2.3283e+00 -1.1746e+00 -2.4824e+00 -9.8302e-01 +1.9293e+00 +2.8563e+00 +3.5869e+00
111637924 +4.966224993e+03 +4.966224993e+03 +5.064844993e+03 +5.064844993e+03 -1.5569e+00 -3.7312e+00 +2.9599e-01 -3.3612e+00 -1.3645e+00 -1.2836e-02 -3.8665e+00 -2.3873e+00 -2.7145e+00 -9.9607e-01 +1.1310e+00 -3.4907e+00 +2.0372e+00 -2.7239e+00 -1.9404e+00 -2.1292e+00 -3.0619e-01 +9.1908e-01 +6.1395e-01 +1.0444e+00
% function evaluation | noise-free fitness - Fopt (-4.715000000000e+01) | best noise-free fitness - Fopt | measured fitness | best measured fitness | x1 | x2...
1 +6.576732738e+05 +6.576732738e+05 +6.576261238e+05 +6.576261238e+05 +2.4921e+00 -2.9352e-01 -1.7662e+00 +5.0734e-01 +3.2933e+00 -3.6182e+00 +2.9540e+00 +4.3816e-01 -4.7380e+00 +4.5013e+00 +5.5256e-01 +3.6666e-02 -4.4844e+00 +1.1975e+00 +3.4453e+00 +2.8123e-01 -9.8431e-02 +7.6500e-01 +1.7157e+00 +3.6095e+00
2 +4.375827818e+05 +4.375827818e+05 +4.375356318e+05 +4.375356318e+05 -3.9856e+00 -4.0808e-01 -2.2125e-01 -2.0567e+00 +2.0275e-01 +2.1104e+00 -3.1543e+00 -4.7084e-01 -4.4278e+00 +6.4831e-01 -3.7309e+00 +1.2891e+00 +2.0190e+00 -4.4159e+00 -3.7284e+00 -4.9163e+00 +1.8470e+00 +2.5414e+00 +2.7082e+00 +1.8899e+00
23 +1.313851888e+05 +1.313851888e+05 +1.313380388e+05 +1.313380388e+05 +1.3216e+00 -1.2932e+00 +1.4792e-01 -3.9067e+00 +4.7611e+00 +2.3222e+00 -4.0092e+00 -6.1224e-01 -1.7719e+00 +7.1560e-01 +1.6458e+00 -1.8989e+00 +4.4204e+00 -2.2288e+00 -1.1032e+00 +1.3851e+00 -2.6960e+00 -3.5444e+00 -3.6910e+00 -3.9641e+00
271 +1.154091640e+05 +1.154091640e+05 +1.153620140e+05 +1.153620140e+05 -9.4033e-02 -3.4723e+00 -2.3319e+00 -4.7622e+00 +2.1410e+00 +1.3820e+00 -3.6291e-02 +2.2991e+00 -4.9322e-01 -1.1579e+00 +4.9044e+00 +1.8240e+00 +3.1812e+00 -3.2871e+00 +5.3255e-01 -3.8989e+00 -2.1206e+00 -8.9375e-01 -6.7579e-01 +5.1201e-01
591 +4.758718910e+04 +4.758718910e+04 +4.754003910e+04 +4.754003910e+04 +2.5848e-01 -1.3800e+00 -2.6812e+00 -1.2001e+00 +1.8344e+00 +3.8543e-02 -1.2765e+00 -2.4006e+00 -3.3855e-01 -1.8731e-02 +4.6052e+00 -4.9524e+00 -3.2278e-01 -2.3134e+00 +2.9919e+00 -1.5331e+00 +1.5134e+00 -3.1646e+00 -1.5728e+00 +3.3475e+00
14206 +3.012693696e+04 +3.012693696e+04 +3.007978696e+04 +3.007978696e+04 -2.1036e+00 -3.0761e-01 +6.8134e-02 -9.2427e-01 -9.3865e-01 +4.9123e-01 -1.1475e+00 -1.0091e+00 -1.6429e+00 -2.5971e+00 -1.2958e-01 -1.0111e+00 +3.7428e+00 -2.3798e+00 +1.5955e+00 +1.2373e+00 -2.3869e+00 -8.5369e-01 +1.5614e+00 +3.7091e+00
15148 +2.783697706e+04 +2.783697706e+04 +2.778982706e+04 +2.778982706e+04 -1.8971e+00 -4.6958e+00 -1.4110e-01 -4.8313e+00 +1.5092e+00 -9.6888e-01 -1.7557e+00 -1.2683e+00 -4.1054e+00 -5.2345e-01 +7.7308e-01 -4.6845e+00 +3.8255e+00 -4.2208e+00 +4.9132e-01 +4.4483e-01 -1.1929e+00 -2.3469e+00 -4.7968e-01 +1.7519e-01
29269 +2.448673448e+04 +2.448673448e+04 +2.443958448e+04 +2.443958448e+04 -1.3798e+00 -4.7389e-01 -7.8233e-01 -3.5138e+00 -2.5430e+00 -1.5477e+00 -4.4028e+00 -1.1698e-01 -5.6730e-01 -1.8465e+00 -1.0858e-01 -2.1815e+00 +3.9772e+00 -3.2907e+00 -2.7789e-01 -3.1634e+00 -3.6571e+00 -4.3297e+00 -1.8918e+00 +9.8417e-01
597514 +1.888179872e+04 +1.888179872e+04 +1.883464872e+04 +1.883464872e+04 -4.2080e+00 -1.7916e+00 -4.1310e+00 -2.3592e-01 +1.5972e+00 +1.3494e+00 -2.6151e+00 -3.6780e+00 -8.1048e-01 -1.8623e+00 +1.8357e+00 -3.5521e+00 +2.2972e+00 -4.6145e+00 +4.4948e+00 -5.1187e-01 -2.1992e+00 -3.2684e+00 -1.6749e+00 +2.9430e+00
2158477 +1.852380269e+04 +1.852380269e+04 +1.847665269e+04 +1.847665269e+04 +2.5128e-01 +9.3461e-01 -2.1715e-01 -1.7313e+00 -5.0009e-02 +2.6016e+00 -2.0981e+00 -1.8889e+00 -1.3980e+00 -1.7234e+00 +4.6029e+00 -1.3424e+00 +2.2257e+00 -4.8373e-01 +3.9878e+00 -3.9894e+00 -2.8328e+00 -2.4098e+00 -1.4744e+00 -3.2054e-01
2867903 +1.443315712e+04 +1.443315712e+04 +1.438600712e+04 +1.438600712e+04 +2.0778e+00 -2.1258e-01 -7.1706e-01 -3.2905e+00 -9.5880e-01 +1.9337e+00 -2.7326e+00 -4.5264e+00 -2.7679e+00 -3.8533e+00 +2.0932e+00 -3.1690e+00 +1.1090e+00 -2.9473e+00 +2.6974e+00 -1.9083e+00 -2.1843e+00 -4.3016e+00 +1.7308e-01 +3.0222e+00
5003121 +7.707294894e+03 +7.707294894e+03 +7.660144894e+03 +7.660144894e+03 +5.7939e-01 -9.7354e-01 -2.4135e+00 -4.2880e+00 -1.8255e+00 +1.6483e+00 -3.0556e+00 -6.8540e-01 -1.4075e+00 -3.6424e+00 +2.5948e+00 -4.4327e+00 +8.2624e-01 -4.1750e+00 +9.3821e-01 -2.7384e+00 -3.1159e+00 -1.9930e+00 +6.7871e-01 -3.9979e-01
48243671 +7.320415852e+03 +7.320415852e+03 +7.273265852e+03 +7.273265852e+03 -1.6319e+00 -1.1476e+00 -6.2946e-01 -3.7991e+00 -2.5516e-01 +2.4200e+00 -9.3947e-01 -2.5482e+00 -8.1097e-01 -2.8444e+00 +1.2512e+00 -2.6825e+00 +2.6680e+00 -2.6280e+00 -2.8026e-01 -3.2952e+00 -2.2390e+00 -3.1791e+00 +1.0086e+00 +3.4176e+00
81967395 +6.309527970e+03 +6.309527970e+03 +6.262377970e+03 +6.262377970e+03 -2.9752e+00 -2.0526e+00 -2.1126e+00 -2.6505e+00 +1.6718e+00 +2.4104e-01 -2.6430e+00 -4.0895e+00 -1.2823e+00 -3.3482e+00 +3.2532e+00 -2.3991e+00 +1.7328e+00 -4.7557e+00 +3.2722e+00 -2.0820e+00 -3.5904e+00 -2.3080e+00 -1.1931e+00 +1.4193e+00
% function evaluation | noise-free fitness - Fopt (3.752000000000e+01) | best noise-free fitness - Fopt | measured fitness | best measured fitness | x1 | x2...
1 +1.132003707e+06 +1.132003707e+06 +1.132041227e+06 +1.132041227e+06 -4.3315e-02 +3.0606e+00 +3.3137e+00 +3.1239e+00 -3.2486e+00 -3.6067e+00 -3.6744e+00 +5.2791e-01 +2.8159e+00 -9.4232e-01 -2.1777e+00 -4.9242e-01 -1.3917e+00 -7.3998e-01 +3.2427e+00 -4.8450e+00 +4.1415e+00 +4.9745e+00 -1.3509e+00 -1.1257e+00
2 +7.451632215e+05 +7.451632215e+05 +7.452007415e+05 +7.452007415e+05 +2.8998e+00 -3.8694e+00 -2.6478e+00 -3.9140e+00 +6.5251e-01 +4.4869e-01 -4.4355e+00 -3.8282e+00 +1.2195e+00 +1.5654e+00 -4.2681e+00 -3.2956e+00 -3.9804e+00 +1.4485e+00 -1.9337e+00 -4.3445e+00 -2.2451e+00 -3.7425e+00 +4.0502e+00 +5.4921e-01
3 +5.640545762e+05 +5.640545762e+05 +5.640920962e+05 +5.640920962e+05 +4.8612e+00 -1.7734e+00 -2.1621e+00 -5.7873e-02 -3.2116e+00 -2.8472e+00 +3.6172e+00 +2.8575e+00 -4.6966e+00 +1.2787e+00 -1.4659e-01 +1.6863e+00 -1.9885e+00 -3.0038e+00 -4.7583e+00 +2.0226e+00 +4.5953e+00 -2.4860e+00 +3.6216e-02 +8.2150e-01
5 +5.391952794e+05 +5.391952794e+05 +5.392327994e+05 +5.392327994e+05 -4.2127e+00 -4.5227e+00 -4.1341e+00 -1.9343e-01 -3.0142e+00 +1.4906e+00 -9.6178e-01 -7.5829e-01 +2.6604e+00 +4.2698e+00 -2.2119e+00 +2.5670e+00 -3.8377e+00 +2.9597e+00 -3.0442e+00 -1.5203e+00 -2.7730e+00 -4.2523e+00 -4.9135e-01 +3.1087e+00
7 +2.479655616e+05 +2.479655616e+05 +2.480030816e+05 +2.480030816e+05 +2.1344e+00 -2.8435e+00 -2.1126e+00 -2.7451e+00 +4.5066e+00 -4.1268e+00 -2.3970e+00 -2.0589e+00 -1.2850e+00 +1.6355e+00 -1.8513e+00 +2.3707e+00 +4.1398e+00 +2.7706e+00 -1.3729e-01 +1.6743e+00 -4.8247e-01 -4.3065e+00 -3.2187e+00 +1.9861e+00
47 +1.931102517e+05 +1.931102517e+05 +1.931477717e+05 +1.931477717e+05 +2.4055e+00 +1.1867e+00 +7.8579e-01 -4.5657e+00 +1.4724e+00 +4.4799e+00 +2.3892e+00 +4.3389e+00 +3.7653e+00 -5.3450e-01 -2.6226e+00 +4.5008e+00 +2.2007e+00 +3.2383e+00 +3.3139e-01 +2.7265e+00 -2.9127e+00 -4.1901e+00 -3.1170e-02 -3.5153e+00
57 +1.228550787e+05 +1.228550787e+05 +1.228925987e+05 +1.228925987e+05 -8.7957e-01 -9.7318e-01 +2.0895e+00 +4.0697e-01 +2.4652e+00 +3.3466e+00 +3.2130e+00 +2.9498e+00 -2.2345e+00 -1.8498e+00 +4.6547e+00 -2.1302e+00 -4.7800e-01 -2.4935e+00 +1.4885e+00 -3.3127e+00 -4.4139e+00 +8.7526e-02 +1.5333e+00 -4.7934e+00
203 +9.919248514e+04 +9.919248514e+04 +9.923000514e+04 +9.923000514e+04 -4.1021e-01 -4.5932e+00 +3.2310e+00 -6.2746e-01 +3.5992e+00 +2.8639e+00 +3.7888e+00 -2.0354e+00 -9.6234e-01 +8.9481e-01 +2.0219e+00 +2.6387e+00 +1.4951e+00 +5.4181e-01 +1.0792e+00 -2.7329e+00 -3.5702e+00 +8.3291e-01 -4.8627e+00 +3.9978e+00
1717 +8.446943868e+04 +8.446943868e+04 +8.450695868e+04 +8.450695868e+04 +1.2412e+00 -1.5433e-01 +2.0960e+00 -4.1119e+00 -1.2107e+00 +3.9368e+00 -2.6957e-01 +2.6512e-01 -2.4247e+00 -7.7773e-01 +1.8859e+00 -6.4353e-01 -1.3019e+00 +5.9029e-01 -1.3034e+00 +3.7678e-01 -1.3382e-01 +1.1897e-01 -3.9513e+00 -4.3215e+00
2281 +8.233595098e+04 +8.233595098e+04 +8.237347098e+04 +8.237347098e+04 +6.9065e-01 -3.3895e+00 -8.9500e-01 -2.1892e+00 +2.8994e+00 +2.8966e+00 -1.8615e+00 -3.4980e-01 +4.2437e+00 -1.5945e+00 +4.8387e-01 -2.5677e+00 +2.4841e+00 +1.0356e-01 -3.2287e+00 +1.6218e+00 -4.2433e+00 -4.7180e+00 -4.2297e+00 +9.0719e-01
3833 +8.035988158e+04 +8.035988158e+04 +8.039740158e+04 +8.039740158e+04 -7.3817e-01 -4.0171e-01 +1.5974e+00 +1.1131e+00 +4.0393e+00 +3.4173e+00 +1.1570e+00 +2.1317e+00 +2.1427e+00 +2.1581e+00 +1.8710e-01 -4.6225e-01 -1.6316e+00 -1.2207e+00 -4.2807e+00 -3.7575e+00 +8.6306e-01 -1.9157e+00 -1.7787e-01 +6.6438e-01
4799 +6.921838980e+04 +6.921838980e+04 +6.925590980e+04 +6.925590980e+04 +4.1341e+00 -3.6024e+00 +3.3265e+00 -3.0055e+00 +2.8762e-01 +1.7962e+00 +3.0060e+00 +4.6714e+00 -9.8403e-03 -4.3529e+00 -2.3899e+00 +1.7129e+00 +1.8645e+00 +1.4946e+00 +2.5566e-02 -5.9984e-01 -1.3152e+00 -3.1526e+00 -1.1957e+00 -4.5499e+00
6026 +6.662043533e+04 +6.662043533e+04 +6.665795533e+04 +6.665795533e+04 +1.7979e+00 -3.7122e+00 -1.0715e+00 +1.4318e+00 +3.9903e+00 +1.0362e+00 -8.1471e-01 +2.3289e+00 +1.9036e+00 -4.7224e+00 +4.8193e+00 -2.3354e+00 -8.7012e-01 -5.1330e-01 +3.1730e-01 -4.5993e+00 -1.7036e+00 -1.9191e+00 -3.4761e+00 -1.4510e+00
7937 +5.774773839e+04 +5.774773839e+04 +5.778525839e+04 +5.778525839e+04 +9.6289e-01 -4.6150e+00 +1.9747e+00 -2.9422e+00 +4.1529e+00 +2.3256e+00 +1.3146e+00 +7.2140e-01 -2.4269e+00 -3.0046e+00 +3.5754e-01 -1.9105e+00 +1.0720e+00 +3.8134e+00 -4.9443e+00 +9.3926e-01 +3.5902e-01 -4.5490e+00 -2.3315e+00 +2.1111e+00
8130 +5.672429440e+04 +5.672429440e+04 +5.676181440e+04 +5.676181440e+04 -1.4757e+00 -3.2602e-01 +2.6007e+00 -3.5829e+00 -1.9231e+00 -9.9606e-01 -2.6462e-01 +4.7173e+00 +4.0928e-01 -1.0923e+00 +3.9773e+00 -1.0301e+00 +1.9718e+00 +8.0476e-01 -2.5812e-01 -1.8892e+00 -2.2153e+00 -3.8042e+00 -1.1795e+00 -4.7221e-01
10886 +5.430845391e+04 +5.430845391e+04 +5.434597391e+04 +5.434597391e+04 -2.3403e+00 -2.4829e+00 +3.9002e+00 -2.1108e+00 +2.0825e+00 -5.3670e-01 +3.5271e+00 +1.7201e+00 +3.6280e+00 +7.7074e-01 +8.9036e-01 -3.4436e+00 +1.5053e+00 +5.3170e-01 -1.2817e+00 +2.1216e-01 +7.0283e-01 -3.1501e+00 -1.5245e+00 -5.3420e-01
12536 +3.287794700e+04 +3.287794700e+04 +3.291546700e+04 +3.291546700e+04 +7.8495e-01 -4.1016e+00 +3.9609e+00 -1.9503e+00 +1.0729e+00 +9.0557e-01 +2.4080e+00 +6.1898e-01 -1.8309e+00 -3.8773e+00 +2.3120e+00 -1.7082e+00 -4.1000e-01 +9.3952e-01 +9.8327e-02 -2.6836e+00 -4.9685e-02 -9.7773e-01 -2.8175e+00 -1.0371e+00
18873 +2.773156589e+04 +2.773156589e+04 +2.776908589e+04 +2.776908589e+04 +1.2744e+00 -3.5187e+00 +3.5566e+00 -1.6518e+00 -4.0917e-02 +1.4186e+00 -1.8473e+00 +2.0244e+00 +2.0908e+00 -2.4984e+00 -4.7613e-01 +1.0526e+00 -9.7505e-01 +4.1347e+00 -1.6549e+00 -2.7613e+00 -2.0389e+00 -1.3514e+00 -4.4371e+00 +4.3900e+00
35921 +2.669752263e+04 +2.669752263e+04 +2.673504263e+04 +2.673504263e+04 +1.4352e+00 -2.0021e+00 -6.4914e-01 -2.9850e+00 +2.8234e+00 +2.8325e+00 +1.7153e+00 +4.6673e-01 -1.1769e+00 +1.3866e+00 +4.0520e+00 +3.2315e+00 +1.8129e+00 +2.7668e+00 -8.8657e-01 -4.0632e+00 -1.8958e+00 -4.8897e+00 -3.5137e+00 +3.3436e+00
121907 +1.888268926e+04 +1.888268926e+04 +1.892020926e+04 +1.892020926e+04 +2.6594e+00 -2.6404e+00 +3.2444e+00 -3.8588e-01 +3.3120e+00 -1.0412e+00 +2.4271e+00 -2.9953e-01 +2.4973e+00 -1.1288e+00 +1.5786e+00 -1.8598e+00 +3.6923e+00 +6.6323e-01 -3.6343e-01 +2.8430e-01 -3.0680e+00 -1.4169e+00 -2.5215e+00 +2.7748e+00
1081845 +1.634709459e+04 +1.634709459e+04 +1.638461459e+04 +1.638461459e+04 +1.3313e+00 -3.9876e+00 +7.0509e-01 -1.4721e+00 +6.8139e-01 +4.5510e-01 +1.5841e+00 +1.9324e+00 +2.3676e+00 -6.4773e-01 +3.0978e+00 -2.0041e+00 -8.6274e-01 +3.5358e+00 -4.8831e-01 -1.4415e+00 -2.5147e+00 -1.0513e+00 -3.9241e+00 -1.1237e-01
1929367 +1.265019372e+04 +1.265019372e+04 +1.268771372e+04 +1.268771372e+04 +1.1176e+00 -2.5627e+00 +2.7702e+00 -2.1008e+00 +3.4615e+00 +1.9234e+00 +1.0261e+00 +2.8424e+00 +7.5671e-01 -1.5084e+00 +3.1841e+00 -2.1389e+00 +2.9880e+00 +1.3932e+00 -4.5354e-01 -4.8860e+00 -2.2375e+00 -3.0427e+00 -3.9002e+00 +4.9781e+00
3677274 +1.202579032e+04 +1.202579032e+04 +1.206331032e+04 +1.206331032e+04 +2.6207e+00 -2.5792e+00 +1.0417e+00 -3.4946e+00 +2.1843e+00 +8.0047e-02 +2.4989e+00 +1.9592e+00 +2.0331e+00 -2.6625e+00 +2.2951e+00 +1.5380e+00 +1.2636e-01 +4.1092e+00 -1.8080e+00 -1.4439e+00 -4.1026e+00 -4.5468e+00 -2.8146e+00 +3.1121e+00
4445665 +8.511577948e+03 +8.511577948e+03 +8.549097948e+03 +8.549097948e+03 +2.2886e+00 -2.3947e+00 +2.4615e+00 -4.4176e+00 +3.7544e+00 +2.2650e+00 -1.5932e-01 +2.6728e+00 +6.9644e-01 -2.1871e+00 +4.0844e+00 -1.6548e-01 +1.7395e+00 +1.9378e-01 -3.8575e+00 -6.8242e-01 -8.5155e-01 -2.0908e+00 -1.5225e+00 +2.1566e+00
8809382 +7.010882188e+03 +7.010882188e+03 +7.048402188e+03 +7.048402188e+03 +1.7790e+00 -4.5337e+00 +2.6756e+00 -1.4903e+00 +3.1250e+00 -4.2294e-01 -5.6316e-01 +3.0359e-01 +2.6478e+00 -2.2573e+00 +2.7162e+00 -1.2194e+00 +1.5651e+00 +1.9711e+00 -1.5484e+00 -3.2141e+00 -1.8456e+00 -3.7480e+00 -3.2584e+00 +3.8650e+00
% function evaluation | noise-free fitness - Fopt (8.834000000000e+01) | best noise-free fitness - Fopt | measured fitness | best measured fitness | x1 | x2...
1 +4.593187548e+05 +4.593187548e+05 +4.594070948e+05 +4.594070948e+05 +3.5941e+00 +3.0844e+00 +4.2814e+00 -9.2042e-01 +8.2938e-01 -5.6816e-01 -1.5244e+00 -1.6054e+00 -3.9863e+00 -3.3999e+00 +1.0789e-01 +3.1772e+00 -1.9334e+00 -7.3279e-01 -3.6626e+00 +3.7572e-01 +2.9479e+00 -4.2220e+00 -1.8994e-01 -3.3759e+00
2 +4.528393875e+05 +4.528393875e+05 +4.529277275e+05 +4.529277275e+05 +2.3180e+00 -9.5401e-01 +2.2999e+00 -1.8704e+00 -5.2696e-01 -3.1704e+00 -1.7700e-01 +1.4407e+00 +3.9683e+00 -2.9489e+00 -1.9763e+00 -6.7154e-01 -1.7639e+00 -1.4069e+00 +1.3961e+00 -6.5436e-01 +3.9712e+00 -1.6575e+00 +8.2661e-01 -3.2603e-01
4 +4.377635645e+05 +4.377635645e+05 +4.378519045e+05 +4.378519045e+05 -1.3284e+00 +1.9011e+00 +1.0501e+00 -4.7106e+00 +3.7608e+00 -1.4626e+00 +3.1648e+00 -3.9951e+00 -1.8047e+00 -1.9033e+00 -3.2903e+00 +5.6700e-01 +1.9054e+00 -1.8646e+00 -3.9835e-02 -4.4385e+00 +3.8181e+00 +3.4892e+00 +3.2399e+00 +4.3080e+00
5 +3.063777060e+05 +3.063777060e+05 +3.064660460e+05 +3.064660460e+05 +2.7659e+00 -6.3582e-01 +1.8310e-01 -3.8648e+00 -1.5737e+00 +6.3840e-01 -3.7809e+00 +2.3978e+00 +3.7513e+00 -6.9731e-01 -1.1530e+00 -7.7443e-01 -4.0369e-01 +1.0077e+00 -4.2666e+00 -3.6868e+00 +2.5734e+00 +2.7018e+00 -2.6175e+00 +3.8093e+00
8 +2.899463638e+05 +2.899463638e+05 +2.900347038e+05 +2.900347038e+05 -2.1784e+00 +2.7275e+00 -1.3752e+00 +2.6709e+00 -7.3078e-01 -2.9382e+00 +4.5626e+00 +6.7270e-01 +1.7163e+00 +2.0307e+00 -1.4034e+00 -9.8950e-02 -7.1998e-01 +2.8947e+00 +2.1115e+00 +3.5497e+00 +2.1620e+00 +9.2015e-01 -2.1400e+00 -3.9511e+00
13 +1.570633930e+05 +1.570633930e+05 +1.571517330e+05 +1.571517330e+05 +1.7035e+00 +4.3880e+00 +7.4495e-01 -3.6753e+00 -4.7733e-01 -2.3626e+00 -1.4220e+00 +3.8096e+00 -1.4316e+00 -2.2310e+00 -2.3052e+00 +2.8148e+00 -4.3935e+00 +3.4928e+00 -1.8533e+00 -4.5913e+00 +8.5699e-01 -4.8389e+00 -3.7588e+00 +2.6902e+00
23 +1.478677193e+05 +1.478677193e+05 +1.479560593e+05 +1.479560593e+05 +1.5709e+00 +2.2182e+00 -1.3818e-02 -2.2543e+00 +3.9178e+00 +3.6216e+00 +1.1482e+00 -1.6454e-01 -2.3458e+00 +9.7473e-02 -3.8357e+00 +1.4203e+00 -3.9737e+00 +1.5329e+00 +5.4023e-01 +2.3789e+00 -3.0280e+00 +1.2520e+00 -3.2768e+00 +1.1731e+00
163 +1.188225506e+05 +1.188225506e+05 +1.189108906e+05 +1.189108906e+05 +1.7483e+00 +9.1941e-01 -4.4414e+00 -6.4197e-01 -1.3742e+00 +3.6304e+00 -2.0520e+00 +2.0869e+00 +1.9805e+00 +4.5168e+00 -2.5856e+00 +4.0006e+00 -2.1132e+00 -2.1203e+00 -4.7036e+00 -3.3774e+00 +1.9895e+00 -3.9920e+00 -1.5634e+00 -4.1424e+00
287 +1.151663304e+05 +1.151663304e+05 +1.152546704e+05 +1.152546704e+05 +2.5176e+00 -1.5476e+00 -1.2708e+00 -4.3960e+00 -5.7834e-01 -1.6426e+00 -3.6963e+00 -2.3287e+00 +5.1642e-01 +3.8855e+00 -4.9872e+00 -3.0265e+00 +1.6744e+00 +1.1177e+00 +5.6716e-01 -2.4705e+00 -1.2556e+00 -1.1864e+00 -1.0157e+00 +1.7534e+00
584 +9.635414421e+04 +9.635414421e+04 +9.644248421e+04 +9.644248421e+04 +1.9161e+00 -1.3880e+00 -4.5918e+00 -4.4906e+00 +3.0158e+00 -1.7030e+00 +3.8669e-01 +2.8247e+00 -2.1432e+00 +4.7335e+00 -3.3637e+00 +3.3476e+00 -2.1482e+00 -4.4510e+00 -4.5294e+00 +1.4254e+00 +8.1201e-01 -4.4909e+00 +1.4667e+00 -1.2078e+00
748 +7.436486211e+04 +7.436486211e+04 +7.445320211e+04 +7.445320211e+04 -1.3667e+00 -4.4291e-01 -2.1969e+00 -3.8242e+00 -2.9086e+00 -3.5709e+00 +2.8011e+00 -1.1628e+00 +6.8978e-01 +2.5573e+00 +4.5170e-01 +2.0340e+00 -1.3139e+00 +6.0123e-01 -2.7139e+00 +4.2962e-01 -1.3131e+00 -3.3290e+00 -4.1434e-01 -2.0086e-01
883 +5.469879124e+04 +5.469879124e+04 +5.478713124e+04 +5.478713124e+04 -3.8377e+00 +4.0221e+00 -3.9420e+00 -2.5487e+00 -1.5813e+00 +2.4833e+00 +1.0395e+00 +1.4665e+00 -4.3935e+00 +3.2501e+00 -1.5327e+00 +2.5678e+00 -2.8195e+00 +7.5973e-01 +3.8652e-01 -1.2741e+00 +4.4846e-01 -2.9085e+00 -1.0801e+00 -1.5602e+00
4291 +4.501526076e+04 +4.501526076e+04 +4.510360076e+04 +4.510360076e+04 +2.8583e+00 +4.2034e+00 -4.7600e+00 -2.8624e+00 -3.1124e+00 -1.0888e+00 -2.6787e+00 -1.9512e+00 +2.0221e-02 +3.1099e+00 -4.1688e+00 +2.9247e+00 -1.9742e+00 -3.1282e+00 -1.0991e+00 -7.0917e-02 -2.4075e+00 -7.6096e-01 +6.8668e-01 +4.4703e+00
11263 +3.200646678e+04 +3.200646678e+04 +3.209480678e+04 +3.209480678e+04 -2.5811e+00 +1.7545e+00 -3.0878e+00 -5.8585e-01 -2.7532e-01 -2.5260e+00 -1.0060e+00 +4.6237e-01 +3.6865e-01 +1.2848e+00 +6.4921e-01 +5.5354e-01 -3.0011e+00 -1.5593e+00 -4.1018e+00 -9.6596e-01 -4.0953e-01 -4.3133e+00 -2.4157e+00 -9.4126e-01
57503 +2.674742341e+04 +2.674742341e+04 +2.683576341e+04 +2.683576341e+04 +3.2184e+00 +3.5175e+00 -4.3727e+00 -7.8081e-01 +2.7123e+00 +1.2727e+00 -2.2562e+00 -4.4052e-02 +1.1612e-01 +1.7839e+00 -1.3279e+00 +2.1914e+00 +1.0863e+00 +1.2405e+00 -7.7842e-01 +1.6956e+00 -5.9526e-01 -9.2806e-01 +6.4431e-01 +4.4858e+00
132556 +2.157408187e+04 +2.157408187e+04 +2.166242187e+04 +2.166242187e+04 -1.5140e+00 +4.5640e+00 -3.3427e+00 -2.3272e+00 -9.9716e-01 -2.2691e+00 -1.3251e+00 +2.8854e+00 -1.9065e+00 +4.1022e+00 -9.9441e-01 +5.3110e-01 -3.2579e-01 +1.1180e+00 -1.2215e+00 -3.1151e+00 -2.5530e+00 -3.0229e+00 -2.5979e+00 +4.0219e+00
626235 +2.051430260e+04 +2.051430260e+04 +2.060264260e+04 +2.060264260e+04 -1.1814e+00 +1.7519e-01 -2.4046e+00 +1.4451e+00 -3.9704e-01 -1.5661e+00 +7.2588e-01 +1.9326e+00 -3.0212e+00 +2.5415e+00 -2.7818e+00 -1.0390e+00 +7.8573e-01 -2.8496e-02 -8.1523e-01 -4.1555e+00 -1.1454e+00 -1.1295e+00 -6.4258e-01 -2.1563e+00
681139 +1.810254042e+04 +1.810254042e+04 +1.819088042e+04 +1.819088042e+04 -1.3450e+00 +3.9251e-01 -3.1341e+00 -2.7249e+00 +1.2818e-01 -2.4335e+00 -2.0463e+00 +2.5003e+00 -1.6936e+00 -9.2696e-01 +2.1828e-01 +2.4447e-01 -1.7973e+00 -2.3412e+00 -4.6242e+00 +6.1787e-01 -1.0484e+00 -1.7622e+00 -2.0111e+00 +2.1849e+00
740404 +1.208133460e+04 +1.208133460e+04 +1.216967460e+04 +1.216967460e+04 +2.4217e+00 +2.9017e+00 -1.5887e+00 -1.9713e+00 +1.5035e-01 -1.4021e+00 -2.2250e+00 +7.5677e-01 -1.2451e+00 +2.5698e+00 -3.6543e+00 +3.5806e+00 -1.6681e+00 -1.7712e+00 -3.7752e+00 +1.3385e-01 -3.7701e+00 -4.0329e+00 +2.0856e+00 -1.5036e-01
1387919 +1.196804228e+04 +1.196804228e+04 +1.205638228e+04 +1.205638228e+04 +9.0162e-01 +5.0585e-01 -3.7749e+00 -1.8068e+00 +2.3686e+00 -1.1267e+00 -1.5071e+00 -7.1479e-01 +6.8240e-01 +2.8327e+00 +6.8505e-01 +2.5083e+00 -1.1833e-01 -1.6329e-01 -1.5088e+00 +7.9961e-02 -1.8377e+00 -3.4465e+00 -6.0255e-01 -2.7147e+00
10122123 +1.147053106e+04 +1.147053106e+04 +1.155887106e+04 +1.155887106e+04 +1.7018e+00 +4.3102e+00 -3.4745e+00 -7.4043e-01 -1.1995e-01 +1.2814e-01 -8.0243e-01 -8.1341e-01 -2.4527e+00 +2.8106e-01 -1.0983e+00 +1.4362e+00 -3.1532e+00 -3.8966e-01 -4.7649e+00 -5.0004e-01 -2.8010e+00 -3.4908e+00 +1.6729e+00 -7.7527e-01
15550944 +9.588250953e+03 +9.588250953e+03 +9.676590953e+03 +9.676590953e+03 +7.3285e-01 +1.9450e+00 -1.8510e+00 +1.9423e-01 -1.0909e-01 +2.9559e-01 -1.7130e+00 +1.6769e+00 -2.8927e+00 +3.2591e+00 +1.0485e+00 +3.2864e+00 -1.0220e+00 -1.8955e+00 -1.5638e+00 -5.9829e-01 -2.7729e+00 -4.2466e+00 +3.5618e-01 -7.1377e-01
24384987 +7.718700476e+03 +7.718700476e+03 +7.807040476e+03 +7.807040476e+03 +2.3198e+00 +1.0946e+00 -2.4217e+00 -2.7821e+00 +1.2946e+00 +5.6127e-01 -2.1857e+00 -3.9223e-02 -2.8687e-01 +3.1386e-01 -1.8858e+00 +9.3072e-01 -6.7346e-01 -2.2783e-01 -9.9030e-01 -1.1031e+00 -7.0809e-01 -2.1508e+00 +1.9099e+00 +2.4833e+00
143681747 +6.226560054e+03 +6.226560054e+03 +6.314900054e+03 +6.314900054e+03 -1.3021e+00 +3.2154e+00 -4.1997e+00 -8.5516e-01 +1.1602e+00 +4.2906e-01 -2.4227e+00 +6.3974e-02 -2.1776e-01 +2.3231e+00 -3.3676e+00 +1.4488e+00 -1.6738e+00 -6.2463e-01 -2.4732e+00 -1.8561e+00 -2.8300e+00 -4.2030e+00 +1.6835e+00 -3.7305e+00
198208380 +5.183490843e+03 +5.183490843e+03 +5.271830843e+03 +5.271830843e+03 +6.1512e-01 +1.2423e+00 -4.0072e+00 -5.3168e-01 +3.2183e-01 +3.6258e-02 -4.9378e-01 +1.7841e+00 -2.9984e-01 +6.3909e-01 -1.1315e+00 +1.5727e-01 +7.3125e-01 +1.7658e+00 -1.0771e+00 -3.3525e-01 -3.2830e+00 -2.9975e+00 -2.7937e-01 -6.8381e-01
% function evaluation | noise-free fitness - Fopt (2.201700000000e+02) | best noise-free fitness - Fopt | measured fitness | best measured fitness | x1 | x2...
1 +1.149210551e+06 +1.149210551e+06 +1.149430721e+06 +1.149430721e+06 -4.4511e+00 -1.3043e+00 -1.5081e-01 -3.4219e+00 -3.3636e+00 +2.1838e+00 -3.5782e+00 +4.8277e+00 -2.3494e+00 +1.9118e+00 +2.7798e+00 -5.1889e-01 -1.7625e+00 +3.9751e+00 -4.0648e+00 +1.3554e-01 -3.5683e+00 +3.6954e+00 -1.3039e+00 -2.6405e+00
2 +7.800846746e+05 +7.800846746e+05 +7.803048446e+05 +7.803048446e+05 -4.9925e+00 -2.5724e+00 -1.4464e+00 -1.5125e+00 -4.2012e+00 +4.6186e+00 -4.9810e+00 +7.7848e-01 +4.1462e+00 +3.0804e+00 +2.7848e+00 -3.2230e+00 -4.7089e+00 -4.4136e+00 -3.8452e+00 +3.5742e+00 -3.8136e+00 -3.3040e+00 +3.5203e+00 +1.1615e-01
4 +2.944351895e+05 +2.944351895e+05 +2.946553595e+05 +2.946553595e+05 -2.6981e+00 -2.3509e+00 -2.6398e+00 -3.9521e+00 +2.8991e+00 -6.8266e-01 +2.5605e+00 -2.2745e+00 +2.1528e+00 +3.6344e-01 -1.0694e+00 -2.0747e+00 +4.4251e+00 +3.4977e-01 +7.0603e-01 +3.4609e+00 -7.9041e-01 -2.6937e+00 -2.1952e+00 +2.5783e+00
5 +2.559022471e+05 +2.559022471e+05 +2.561224171e+05 +2.561224171e+05 -4.4277e+00 +1.3380e+00 +7.9509e-01 +3.2990e+00 +1.1350e+00 +1.5949e+00 -1.6476e+00 -4.1517e+00 +2.7375e+00 +1.1900e+00 -3.7542e-01 +2.9986e+00 +2.7054e+00 -4.1565e-01 +1.5834e+00 +3.4662e+00 +3.0027e+00 -1.2082e+00 -4.4696e+00 +2.7974e+00
29 +1.034106567e+05 +1.034106567e+05 +1.036308267e+05 +1.036308267e+05 -4.5779e+00 -1.7682e+00 -2.3579e+00 +1.5260e+00 -4.7590e+00 -4.7563e+00 +2.7919e+00 -2.5940e+00 -2.3568e+00 -3.3098e+00 +3.0656e+00 +4.4824e+00 +2.6773e+00 +4.1571e-01 +9.2440e-01 +1.0050e+00 -3.1672e+00 -2.0637e+00 +9.9633e-01 +1.1594e+00
55 +9.852610434e+04 +9.852610434e+04 +9.874627434e+04 +9.874627434e+04 -4.0816e-01 -3.3796e+00 -5.6423e-01 -1.3259e+00 -2.1562e+00 -2.7809e+00 +3.2556e+00 -3.7165e+00 -3.5475e+00 -4.0228e-01 -1.8989e+00 -3.8511e+00 +3.1201e+00 -4.3310e+00 +5.9166e-01 -3.3674e-01 -3.8458e+00 -3.1056e+00 +1.9408e+00 -3.6501e+00
233 +8.891180964e+04 +8.891180964e+04 +8.913197964e+04 +8.913197964e+04 +1.0001e+00 -2.1635e+00 -2.4154e+00 +1.5269e+00 -2.6089e-01 -3.2196e-01 +3.0585e+00 -4.6154e+00 +2.2245e+00 -3.5131e+00 -2.8344e+00 -1.7953e+00 +1.1685e+00 +1.9059e-01 +1.9662e+00 -5.9378e-01 -3.1503e+00 -2.0321e-01 -3.9836e+00 +2.3836e+00
1120 +8.427004542e+04 +8.427004542e+04 +8.449021542e+04 +8.449021542e+04 -3.8525e+00 -5.6125e-01 -4.2160e+00 +6.6413e-01 +8.9136e-01 -3.2409e+00 +2.9833e+00 -3.0185e+00 -1.5693e+00 -2.7976e+00 -3.1818e+00 -1.8880e+00 -3.9945e+00 -1.6826e+00 +2.5246e+00 +2.7033e+00 -3.4722e+00 -1.0493e+00 -2.7499e-01 +2.6214e+00
1134 +6.667585512e+04 +6.667585512e+04 +6.689602512e+04 +6.689602512e+04 -4.9175e+00 -1.9973e+00 +1.5184e+00 +3.5571e+00 -6.0992e-01 -9.1411e-02 +2.3999e+00 -4.3254e+00 -1.7270e+00 -4.8034e+00 -2.7145e+00 -3.3078e+00 +2.0623e+00 -3.1726e+00 -4.2301e+00 -1.7429e+00 -1.6030e+00 +9.8233e-01 -3.0817e+00 +5.0780e-01
3797 +4.495034083e+04 +4.495034083e+04 +4.517051083e+04 +4.517051083e+04 -1.5279e-01 -1.6410e+00 +1.5013e+00 +3.3899e+00 -6.2290e-01 -4.4708e-01 +1.2340e+00 -1.0905e+00 +2.7300e+00 +3.1000e-01 +1.0380e+00 +2.8095e+00 -1.7811e+00 -1.2131e+00 +3.1794e-01 +1.7300e+00 -1.6015e+00 +1.6185e+00 -9.6668e-01 +1.7742e+00
24509 +3.768767773e+04 +3.768767773e+04 +3.790784773e+04 +3.790784773e+04 -1.8881e+00 -4.2927e+00 -1.3913e+00 +2.2741e+00 -1.8164e+00 -4.7022e+00 +4.1659e+00 -1.1590e+00 +1.7964e-01 -3.2949e+00 -1.9364e+00 -3.6449e+00 -3.6521e+00 -2.3087e+00 -3.8558e+00 -5.3587e-02 -1.1421e+00 -1.2300e+00 -1.2753e+00 -2.2081e+00
38813 +3.262994110e+04 +3.262994110e+04 +3.285011110e+04 +3.285011110e+04 -4.0135e+00 -8.4163e-01 -2.3495e+00 +3.6140e+00 -2.2194e+00 -3.0494e+00 +4.6591e+00 -3.9091e+00 +1.8743e+00 +6.7828e-01 +4.3729e-01 -7.3350e-01 +2.5798e-01 -4.3018e+00 -3.2181e-01 +2.9784e+00 +2.2667e-03 -1.6539e+00 -4.0236e-01 -3.1988e+00
79444 +3.007345709e+04 +3.007345709e+04 +3.029362709e+04 +3.029362709e+04 -6.9458e-01 -3.5652e+00 +6.3995e-01 -2.7351e-01 +8.7795e-02 -1.2274e+00 -6.0660e-01 -1.6134e+00 +1.3533e+00 -2.2387e+00 +2.4445e-01 +7.0731e-01 -1.0676e+00 -2.6436e+00 -3.5616e+00 +4.0803e+00 +1.2221e+00 +2.7187e+00 +1.1088e+00 -4.7251e+00
104517 +2.763531098e+04 +2.763531098e+04 +2.785548098e+04 +2.785548098e+04 -9.0688e-01 -3.6253e+00 -3.5954e+00 -1.1252e+00 -2.9865e+00 -3.5912e+00 +2.1994e+00 -5.6582e-01 +1.3708e+00 -4.7755e+00 +1.0727e+00 -1.6306e+00 -7.7676e-01 -4.7582e+00 -1.2977e+00 +4.3149e-01 -1.3071e+00 +5.4562e-01 +9.2786e-01 +3.0659e+00
215047 +2.685541023e+04 +2.685541023e+04 +2.707558023e+04 +2.707558023e+04 +5.9336e-01 -1.7258e+00 -1.7614e+00 +3.4456e+00 -1.4933e+00 -4.9422e+00 +6.3624e-01 -4.3058e+00 -3.0591e-03 -2.4041e+00 -2.0448e+00 -1.7465e+00 -1.1036e+00 -2.8793e+00 +1.3954e+00 +3.9625e+00 -2.9562e+00 +1.2494e+00 +9.6623e-01 -3.1093e+00
253254 +2.391053692e+04 +2.391053692e+04 +2.413070692e+04 +2.413070692e+04 -9.5188e-01 -4.4058e+00 -3.1167e-01 +1.0515e+00 -4.8221e+00 -6.6133e-02 +2.5738e+00 -4.7540e+00 +6.1105e-01 -3.9526e+00 +2.5234e-01 +1.5494e+00 -3.2657e+00 -9.8351e-01 -2.7151e-01 +4.4165e-01 +1.9305e-01 -7.5779e-02 +2.5812e+00 +1.7993e+00
482553 +2.068214667e+04 +2.068214667e+04 +2.090231667e+04 +2.090231667e+04 -3.0821e+00 -3.3053e+00 -4.6826e+00 +1.6202e+00 -3.0420e+00 -3.4954e+00 +4.2984e+00 -1.6670e+00 +1.4090e+00 -2.6326e+00 -2.5286e+00 -1.1896e+00 -3.3277e+00 -2.1403e+00 -3.1158e-01 +2.4509e+00 -1.8192e+00 -6.9544e-01 +1.2843e+00 +4.8725e+00
1094932 +1.412223986e+04 +1.412223986e+04 +1.434240986e+04 +1.434240986e+04 -1.6685e+00 -1.6748e+00 -2.6147e+00 +3.8006e+00 -8.4453e-01 -7.3302e-01 -7.0991e-02 -3.3587e+00 +1.5678e+00 -1.1072e+00 -2.5592e+00 +7.3205e-02 -2.3809e+00 -4.0658e+00 -3.9672e+00 +3.5507e+00 -5.1094e-01 +1.2203e+00 -2.3268e+00 +2.9081e+00
6005821 +6.946536849e+03 +6.946536849e+03 +7.166706849e+03 +7.166706849e+03 -4.9092e+00 -1.6518e+00 -4.2883e-01 +2.2861e+00 -2.2173e+00 -9.3316e-01 +2.6757e+00 -1.9888e+00 +1.1085e+00 -1.5662e+00 +6.5203e-01 -4.7023e-01 -1.6073e+00 -1.9270e+00 -1.0044e+00 +1.1205e+00 -2.7170e+00 +1.4938e+00 -1.8027e+00 +2.0293e+00
14127529 +6.437032349e+03 +6.437032349e+03 +6.657202349e+03 +6.657202349e+03 -3.9210e+00 -1.2912e+00 -1.0731e+00 +9.7086e-01 -2.4942e+00 -2.1904e+00 +3.1560e-01 -2.1368e+00 -2.8906e-01 -2.4075e+00 -2.0034e+00 +5.8725e-01 -2.2812e+00 -1.7835e+00 -3.1030e+00 +2.3199e+00 -3.9845e+00 +2.3524e+00 +1.3544e+00 +9.9499e-01
59337258 +6.075767492e+03 +6.075767492e+03 +6.295937492e+03 +6.295937492e+03 -3.6223e+00 -7.8621e-01 -1.6344e+00 +2.8993e+00 -1.9237e+00 -2.7850e+00 +1.0659e-01 -3.7842e+00 -1.0777e+00 -1.9202e+00 +4.1407e-02 -5.0076e-01 -1.3295e+00 -4.6238e+00 -2.2460e+00 +5.1409e-01 -3.1829e+00 +3.0960e+00 +8.5800e-01 +1.6662e+00
66115445 +3.259034742e+03 +3.259034742e+03 +3.479204742e+03 +3.479204742e+03 -7.8350e-01 -4.0965e+00 -1.7219e+00 +1.1203e+00 -1.6375e+00 -7.7432e-01 +3.5044e+00 -3.4971e+00 -2.7467e-01 -3.3934e+00 -8.4880e-02 -1.0131e+00 -8.5454e-01 -3.0919e+00 -9.5355e-01 +2.5139e+00 -1.9755e+00 +9.3367e-01 +1.4482e+00 +3.6024e+00
% function evaluation | noise-free fitness - Fopt (3.707000000000e+01) | best noise-free fitness - Fopt | measured fitness | best measured fitness | x1 | x2...
1 +1.827717180e+05 +1.827717180e+05 +1.828087880e+05 +1.828087880e+05 +3.6600e-01 -4.8449e+00 -1.8677e+00 +4.2550e+00 -4.1725e+00 +3.7729e+00 +2.9162e+00 +1.8728e+00 +4.3723e+00 +1.6270e+00 -2.1493e+00 -2.0835e+00 +9.0525e-01 +2.4085e+00 -2.2019e+00 +2.1100e+00 -3.6199e+00 +2.2871e+00 +1.3035e+00 -3.5764e+00
18 +1.289058356e+05 +1.289058356e+05 +1.289429056e+05 +1.289429056e+05 -4.9066e+00 -2.9470e+00 +3.4042e+00 +4.5191e+00 -2.6150e+00 -4.6167e+00 +1.8068e+00 -4.7080e+00 +8.4349e-01 -1.7122e+00 +1.5727e+00 +2.6305e+00 -1.3421e+00 -4.9105e-01 +4.7681e+00 +3.2672e+00 +1.7109e-01 -2.8146e+00 +3.3865e+00 +1.3436e+00
194 +1.013662817e+05 +1.013662817e+05 +1.014033517e+05 +1.014033517e+05 -1.6760e+00 -8.9527e-01 +9.1794e-01 +3.9290e+00 +2.5688e+00 -1.1046e+00 -1.4592e+00 +1.0813e+00 +4.5273e+00 +5.5812e-01 +2.5857e+00 +6.9554e-01 +8.9303e-01 -3.1047e+00 +3.4899e-02 -1.6728e+00 +2.1355e-01 +2.5250e-01 +1.2611e+00 +1.4285e+00
260 +4.484858842e+04 +4.484858842e+04 +4.488565842e+04 +4.488565842e+04 -1.1394e-02 -2.9200e+00 -1.2485e+00 +9.4056e-01 -4.3730e+00 -2.0330e+00 -9.7355e-01 -4.4396e+00 -1.7205e+00 -8.5269e-01 +2.9685e+00 +3.3337e+00 -1.4836e+00 -1.1120e+00 +1.1130e+00 +3.0436e+00 -1.7374e+00 +5.8674e-01 +1.4258e+00 +4.5570e+00
3655 +4.211493826e+04 +4.211493826e+04 +4.215200826e+04 +4.215200826e+04 -4.1728e+00 -3.2640e+00 +3.2267e-01 -8.9589e-01 +1.8723e+00 +4.3522e-01 +8.4366e-01 -2.6242e+00 +1.6884e+00 +2.9426e-01 +2.2994e-01 +1.0487e+00 -1.8702e+00 -6.3377e-01 -1.4050e+00 +2.6721e+00 +6.3316e-02 +1.6384e+00 -4.7775e-01 -3.9798e-01
6346 +4.030526167e+04 +4.030526167e+04 +4.034233167e+04 +4.034233167e+04 -4.3272e+00 -2.5221e+00 -1.2450e+00 -1.7197e-01 -2.0884e+00 -2.2909e+00 +1.1857e+00 -4.8315e+00 -7.0063e-01 -3.0252e+00 +4.0558e+00 +2.2949e+00 +3.0423e+00 +3.3915e-01 +3.3158e+00 -2.3754e+00 -2.4923e+00 +9.7248e-01 +7.7295e-01 -8.9482e-01
10789 +3.241428440e+04 +3.241428440e+04 +3.245135440e+04 +3.245135440e+04 -2.3896e+00 -2.4108e+00 -2.7631e+00 +6.0078e-01 -2.3965e+00 -3.5376e+00 +6.4838e-01 -1.2252e+00 -1.4229e+00 -5.6420e-01 +3.6433e+00 +3.7027e+00 +1.9716e-01 +3.3363e+00 +2.9197e+00 +1.7531e+00 -2.6817e+00 +1.5221e+00 +4.6256e-01 -2.9002e-03
84690 +2.759204726e+04 +2.759204726e+04 +2.762911726e+04 +2.762911726e+04 +2.3088e-01 -1.6596e+00 -8.0767e-01 +2.8219e+00 -3.3017e+00 +1.7327e+00 +3.7300e+00 -8.5304e-01 +2.5066e+00 +2.2518e+00 +1.0858e+00 -4.4140e-01 +3.6535e-01 +2.9213e+00 +4.4803e+00 +2.5798e+00 -3.5115e+00 +1.7413e+00 -1.9498e+00 -1.5658e+00
116955 +2.036532881e+04 +2.036532881e+04 +2.040239881e+04 +2.040239881e+04 -8.2303e-01 -2.8433e+00 -1.5911e+00 -5.4116e-01 -6.6912e-02 +2.1841e-01 +4.2683e+00 -1.1602e+00 +1.4130e-01 +2.4224e+00 +1.7558e+00 +4.3491e+00 +1.9613e+00 -4.4231e-01 +6.6032e-01 -1.7059e+00 -5.0697e-01 +2.9729e+00 -7.5369e-01 -2.1925e+00
144346 +1.413256893e+04 +1.413256893e+04 +1.416963893e+04 +1.416963893e+04 -3.9615e+00 -3.3081e+00 -1.4989e+00 +1.5252e+00 -3.6023e+00 +8.3443e-01 +5.7836e-01 -4.1635e+00 -1.4733e-01 -1.7109e+00 -1.8627e-02 +2.6135e+00 +1.5478e+00 +6.7583e-01 +2.7523e+00 -6.0461e-01 -1.8261e-01 +2.5398e+00 +2.8791e+00 +2.8797e+00
573475 +2.547330464e+03 +2.547330464e+03 +2.584400464e+03 +2.584400464e+03 -2.5075e+00 -2.1331e+00 -2.6113e+00 +3.0642e+00 -7.5240e-01 -7.0135e-01 +2.6381e+00 -1.1892e+00 +1.4671e+00 +3.1734e-01 +1.1587e+00 +1.2487e+00 +9.4106e-01 -8.5061e-01 +2.5445e+00 +1.3612e+00 -3.0271e+00 +1.3202e+00 -2.3763e-01 -1.6123e+00
% function evaluation | noise-free fitness - Fopt (-9.580000000000e+01) | best noise-free fitness - Fopt | measured fitness | best measured fitness | x1 | x2...
1 +9.261195442e+05 +9.261195442e+05 +9.260237442e+05 +9.260237442e+05 +3.6204e+00 -4.1384e+00 +4.9894e+00 -3.4962e+00 +4.1941e+00 +4.5901e+00 +3.4370e-01 -8.4934e-01 -4.6559e+00 +1.7999e+00 -1.8994e+00 +2.6983e+00 -8.1160e-01 -2.9900e+00 -3.5344e-01 +5.4393e-01 +3.5162e+00 +3.4466e-01 +3.0956e+00 +1.2862e-01
2 +7.003388052e+05 +7.003388052e+05 +7.002430052e+05 +7.002430052e+05 +4.1873e+00 -3.7123e+00 -2.2446e+00 -5.0236e-01 -2.2944e+00 +1.1111e+00 +1.5773e+00 +1.2065e+00 -9.0735e-01 -1.8038e+00 +7.8312e-01 +2.1941e+00 -3.9257e+00 +1.0834e+00 +4.5936e+00 -3.2022e+00 +1.1353e+00 -4.1629e+00 -1.2076e-01 -3.5635e+00
3 +5.895336222e+05 +5.895336222e+05 +5.894378222e+05 +5.894378222e+05 +3.0003e+00 -2.8348e+00 +3.6458e+00 +8.4279e-01 -2.5407e+00 +4.5185e+00 +2.0770e+00 -4.8344e+00 +2.4301e+00 -1.0320e+00 -1.5213e+00 +4.7455e+00 -9.6748e-01 +3.2092e+00 -2.7694e+00 -1.2108e+00 +1.8943e+00 +9.7299e-01 +1.6423e-01 -4.7363e-01
4 +2.145200278e+05 +2.145200278e+05 +2.144242278e+05 +2.144242278e+05 -1.2599e+00 +4.9985e+00 -1.9741e+00 +3.0971e+00 -2.1117e+00 -7.9003e-01 +1.5624e+00 -1.1801e+00 -4.2228e-01 -3.6025e-01 +4.9541e-01 -1.4559e+00 +4.1671e+00 -3.3545e+00 +3.1731e+00 -3.3563e-01 +3.7391e+00 +1.3477e+00 -3.7512e+00 +1.0742e+00
20 +2.016681595e+05 +2.016681595e+05 +2.015723595e+05 +2.015723595e+05 -3.7333e+00 -2.4837e+00 -1.9231e+00 -2.4569e+00 -4.6122e+00 -3.4928e-01 -3.2227e+00 +1.2736e+00 -2.9931e+00 +1.3507e+00 -1.3854e+00 -2.5197e+00 -4.1555e+00 +3.8640e-01 -3.5868e+00 +3.6663e+00 +2.1459e+00 +2.2721e+00 -9.4182e-01 +4.6526e+00
29 +7.958255891e+04 +7.958255891e+04 +7.948675891e+04 +7.948675891e+04 +4.3381e-01 +3.7726e+00 +3.1852e-01 +2.8573e+00 +1.2360e+00 -7.2546e-01 +3.4780e+00 -3.8201e+00 -2.5700e+00 +2.3627e+00 -3.5073e+00 +2.7520e+00 +1.5190e+00 -3.2027e+00 -1.6865e+00 +3.0390e+00 +7.4151e-02 +2.0819e+00 -1.1627e+00 +4.8843e+00
543 +5.880706213e+04 +5.880706213e+04 +5.871126213e+04 +5.871126213e+04 -2.8588e+00 +2.8883e+00 -1.4882e+00 +2.1164e+00 -7.3943e-01 -6.1713e-02 +3.4289e-01 +1.5013e-01 +3.1997e+00 -9.6830e-01 -3.7526e+00 -8.3636e-01 +9.3600e-01 +1.1788e+00 -3.9113e+00 -2.0212e+00 +1.6777e+00 -3.0693e+00 +8.8255e-01 +2.8195e+00
3117 +5.549576444e+04 +5.549576444e+04 +5.539996444e+04 +5.539996444e+04 -2.9964e+00 -1.4832e+00 +1.5812e+00 +2.4740e+00 +2.1771e+00 -1.1493e+00 +1.9250e-01 -1.2076e+00 -1.5844e-01 -1.5443e+00 -3.9766e+00 +1.2027e+00 +4.1678e+00 -1.1386e+00 -3.1350e-01 -1.4035e+00 +4.7210e+00 +1.0896e+00 +1.7006e+00 -3.9058e+00
8992 +4.439007711e+04 +4.439007711e+04 +4.429427711e+04 +4.429427711e+04 -2.8588e-01 -4.3847e-01 -1.6833e-01 +1.7025e+00 +4.2474e-01 -2.1118e+00 -2.4274e-01 -1.3099e+00 +1.7302e+00 -3.0334e-01 -3.6056e+00 -1.3693e+00 -2.2663e+00 +2.3390e+00 -6.6282e-02 -5.8821e-01 +5.8187e-01 -1.5150e+00 +5.1564e-01 -1.1859e-01
13595 +3.093571660e+04 +3.093571660e+04 +3.083991660e+04 +3.083991660e+04 -1.7750e+00 -2.4350e+00 -7.1159e-01 +2.1846e+00 -2.3616e+00 -1.3833e+00 -9.7605e-01 +2.0971e-02 +3.6536e-01 +2.2834e+00 -4.9849e+00 +2.4634e+00 -9.3235e-01 -1.9311e-01 +1.4363e+00 +1.7221e+00 +1.7174e+00 -2.1959e+00 +2.1240e+00 -1.4391e+00
54452 +2.307980629e+04 +2.307980629e+04 +2.298400629e+04 +2.298400629e+04 -4.8801e+00 -2.4505e-01 -4.6352e+00 +4.4627e+00 +1.1412e+00 +1.5351e-01 +2.0298e+00 -9.4087e-01 -1.2668e+00 -2.3859e+00 -3.3079e+00 +6.7942e-01 +7.7081e-01 -2.3890e+00 +1.0115e+00 -1.7465e+00 +3.4721e+00 +1.7507e+00 +3.8485e+00 +5.6886e-01
299694 +2.145766575e+04 +2.145766575e+04 +2.136186575e+04 +2.136186575e+04 -4.6986e+00 -2.0571e+00 -3.8868e+00 +3.9320e+00 -6.6796e-01 -2.5166e+00 -3.8345e-01 -2.8735e+00 -1.0864e+00 +1.8792e-01 -2.1061e+00 +9.6584e-01 +2.4419e+00 -9.4979e-01 -4.9125e-01 -1.2498e+00 +1.2277e+00 -3.0790e+00 +2.2341e+00 +2.7268e+00
620707 +2.091455987e+04 +2.091455987e+04 +2.081875987e+04 +2.081875987e+04 -5.0633e-01 +7.1482e-01 -2.6947e-01 +2.4096e+00 -3.1957e+00 -2.0861e+00 +2.1805e+00 -6.2291e-01 +6.1356e-01 +5.2316e-01 -2.9023e+00 -1.4779e+00 -1.3859e+00 -1.3443e+00 -1.8566e+00 +1.7096e+00 +1.4188e+00 +6.7428e-01 +1.1379e+00 -3.0648e+00
1016363 +1.835563310e+04 +1.835563310e+04 +1.825983310e+04 +1.825983310e+04 -2.7674e+00 -8.8289e-01 -2.9709e+00 +3.7198e+00 -2.5892e-01 -2.9586e+00 -4.8388e-01 -3.0048e+00 +2.6951e+00 +1.1481e+00 -4.8028e+00 +2.8194e+00 +3.7034e+00 -4.5078e-02 -1.1364e+00 -7.3252e-01 +2.3912e+00 -2.2227e-01 +2.6145e+00 +4.5025e+00
1309701 +1.418425288e+04 +1.418425288e+04 +1.408845288e+04 +1.408845288e+04 -2.6251e+00 +1.1388e+00 -2.1470e+00 +3.9068e+00 -9.9994e-01 +6.0220e-01 +1.7509e+00 -4.2880e-02 -2.2347e+00 +1.1801e+00 -4.6560e+00 +1.1326e+00 -8.6788e-01 +2.4090e-01 +4.0052e-02 +9.4620e-01 +5.9935e-01 +2.7630e-01 +1.9324e+00 -3.4731e+00
1415838 +1.362266775e+04 +1.362266775e+04 +1.352686775e+04 +1.352686775e+04 -3.7824e+00 -1.4629e+00 -7.2637e-01 +2.2958e+00 -2.6979e+00 -2.7807e+00 +1.8260e+00 +5.7226e-01 +1.8945e+00 -2.1426e+00 -3.7421e+00 -3.1347e-01 -3.7730e-01 +4.7067e-02 -1.0556e+00 +1.8956e+00 +3.3562e+00 -2.7242e+00 +3.4404e+00 +2.0603e+00
1485275 +7.958538984e+03 +7.958538984e+03 +7.862738984e+03 +7.862738984e+03 -3.8459e+00 +4.3601e-01 -3.0861e+00 -2.8839e-01 -1.7243e+00 -2.0502e+00 +2.1904e+00 -1.9006e+00 +1.9244e+00 +2.1074e-01 -2.1054e+00 +1.7803e+00 +3.1466e+00 -8.7566e-01 -1.5619e+00 +7.2964e-01 +4.0882e-02 -7.5014e-01 +2.2372e+00 +3.4425e+00
23793996 +4.931144280e+03 +4.931144280e+03 +4.835344280e+03 +4.835344280e+03 -3.9320e+00 +1.1529e+00 -1.6367e+00 +2.9674e+00 -1.9240e+00 -1.3667e+00 +1.3283e+00 -2.6211e-01 +1.4091e-01 -1.3945e+00 -2.1341e+00 +9.2447e-01 +1.2131e+00 -2.7237e+00 +5.4912e-01 +7.8206e-01 -6.7596e-01 -1.2607e+00 +5.8224e-01 +4.0775e+00
% function evaluation | noise-free fitness - Fopt (5.860000000000e+01) | best noise-free fitness - Fopt | measured fitness | best measured fitness | x1 | x2...
1 +9.362321425e+05 +9.362321425e+05 +9.362907425e+05 +9.362907425e+05 +2.6818e+00 -4.5273e+00 -4.1330e+00 -3.4648e+00 -3.6216e+00 -1.1317e+00 -3.5488e+00 -8.5915e-01 -8.5315e-01 -1.0295e+00 +3.9772e+00 -2.5712e+00 -3.1494e+00 +3.7036e+00 +1.9177e+00 -2.6391e+00 -3.9110e+00 -4.5920e+00 +4.3099e+00 -3.9586e+00
2 +8.044221259e+05 +8.044221259e+05 +8.044807259e+05 +8.044807259e+05 -2.7891e+00 +4.1662e+00 -4.9128e+00 -4.8427e+00 -3.8089e+00 -1.3329e+00 -2.7321e+00 +6.8576e-01 +3.7914e+00 +3.7753e+00 -2.0996e-01 +3.0289e+00 +2.9049e-02 +4.9014e+00 -3.3661e+00 -3.0300e+00 +7.4042e-01 +2.3499e+00 -5.1483e-01 -3.8447e+00
4 +5.292152462e+05 +5.292152462e+05 +5.292738462e+05 +5.292738462e+05 +2.1744e+00 -4.0324e+00 +4.0886e+00 -2.4336e+00 +1.5376e+00 -3.5598e+00 -2.5627e+00 +8.9517e-01 +7.8393e-02 -3.8371e+00 +7.1428e-01 +2.8151e+00 -4.3848e+00 -2.4302e+00 -3.7305e+00 -4.9407e+00 +4.3758e+00 +7.4225e-01 +5.2632e-01 -1.2677e+00
6 +3.495533567e+05 +3.495533567e+05 +3.496119567e+05 +3.496119567e+05 -3.8459e+00 -2.2104e-01 -1.3650e+00 -1.4388e+00 -1.4068e+00 -3.0640e+00 +1.3591e+00 -9.9616e-02 +4.5918e+00 -3.1396e+00 -4.0502e+00 +6.5712e-01 -4.2886e-01 +5.8779e-01 +2.2964e+00 +3.0160e+00 -2.0136e+00 +4.9693e+00 +3.0553e+00 +4.8133e+00
12 +3.031013529e+05 +3.031013529e+05 +3.031599529e+05 +3.031599529e+05 +1.9823e+00 +4.8798e+00 +5.2755e-01 -1.2412e+00 -4.1334e+00 -2.4102e+00 +4.2442e+00 +1.7553e+00 -2.3133e+00 +6.8778e-01 -1.5246e-01 -4.1505e+00 +2.2483e+00 +1.3446e+00 +4.6960e+00 -3.6997e+00 -9.0180e-01 +3.0468e-01 -1.2236e+00 +4.8555e+00
32 +2.996980734e+05 +2.996980734e+05 +2.997566734e+05 +2.997566734e+05 +1.7616e+00 +2.8990e+00 +3.4387e+00 +2.2372e+00 +2.2149e+00 -3.7695e+00 +6.3429e-01 +1.0074e+00 +2.3069e+00 -1.3532e+00 -1.4780e+00 -9.3044e-02 -3.5269e+00 -3.5404e+00 -1.2116e+00 -3.6920e+00 -2.6795e+00 -9.4625e-01 -2.2953e+00 -1.0451e+00
60 +2.939371128e+05 +2.939371128e+05 +2.939957128e+05 +2.939957128e+05 -4.5223e+00 -1.3632e+00 -2.9529e+00 -6.5710e-01 -6.8073e-03 -3.2367e+00 -2.8279e+00 -7.7851e-01 -7.5052e-01 -2.4322e+00 +3.1135e+00 +4.3383e-01 +2.9748e+00 -4.0575e+00 -1.9174e-01 -3.0825e+00 -4.3859e-01 -1.3402e+00 +3.9625e+00 +1.8150e+00
100 +1.750946611e+05 +1.750946611e+05 +1.751532611e+05 +1.751532611e+05 -4.6660e+00 +3.6565e+00 -3.8905e+00 -3.8071e+00 -3.5254e+00 -1.6035e+00 -2.0211e+00 +7.1027e-01 -2.4982e+00 +2.4724e+00 -4.6023e+00 -6.9021e-01 +1.5354e+00 -3.6790e+00 -2.8063e+00 -4.6995e+00 -1.3395e+00 -2.9756e+00 +3.7158e+00 -8.1110e-01
137 +1.137230762e+05 +1.137230762e+05 +1.137816762e+05 +1.137816762e+05 -1.1319e+00 +1.3256e+00 -1.2976e+00 +2.3624e-01 -1.4895e+00 -3.1961e+00 -2.8172e+00 -1.0477e+00 +8.5085e-01 -1.0268e+00 -1.5518e+00 -2.1029e+00 +3.9123e-01 -4.2741e+00 +3.8984e+00 -1.6036e-01 -4.5976e+00 -8.8274e-01 -4.4577e+00 -1.9066e+00
168 +1.043989150e+05 +1.043989150e+05 +1.044575150e+05 +1.044575150e+05 -3.2556e+00 -2.8427e+00 -4.8390e+00 -1.4205e+00 -4.0551e+00 -6.5344e-01 +1.1886e+00 -2.9718e+00 -3.2166e+00 -4.6291e+00 -3.8786e+00 -1.2174e+00 -1.3467e+00 +3.2980e-01 -1.7235e+00 -1.9416e+00 -6.0399e-01 +4.3234e+00 +5.7111e-01 +9.2031e-01
567 +7.664872695e+04 +7.664872695e+04 +7.670732695e+04 +7.670732695e+04 -4.4451e+00 -1.6728e+00 -1.2628e+00 +8.0434e-01 -3.6047e+00 -3.6183e-01 +5.6899e-01 -1.5799e-01 -1.5651e+00 +1.9676e+00 -3.4127e+00 -9.2877e-02 -5.8461e-01 -3.8726e+00 -4.9809e-01 -4.2793e+00 +2.2187e+00 -2.5805e+00 -3.4432e-01 -3.5420e+00
2391 +7.232840537e+04 +7.232840537e+04 +7.238700537e+04 +7.238700537e+04 +1.1246e+00 +2.9773e+00 -3.5621e-01 -4.9623e+00 -2.4898e+00 -1.8462e+00 -1.9024e+00 -3.6104e+00 -4.1350e+00 -2.9396e+00 -3.7967e+00 -2.5545e+00 +6.0753e-01 -1.1081e+00 -2.7974e+00 -1.3419e+00 -3.0833e+00 +3.6116e+00 +6.2263e-01 -3.5538e+00
2494 +6.814463869e+04 +6.814463869e+04 +6.820323869e+04 +6.820323869e+04 -2.4120e+00 +1.3205e+00 +2.0560e+00 -2.0883e+00 -3.6018e+00 -1.8847e+00 -2.5252e+00 +7.8898e-01 +5.8757e-01 +6.3658e-02 -1.3006e+00 -3.0718e+00 -1.0589e+00 -1.8311e+00 -3.1013e+00 -3.2463e+00 +2.3253e+00 +5.8572e-01 -4.2378e+00 +3.1590e+00
4015 +6.440018538e+04 +6.440018538e+04 +6.445878538e+04 +6.445878538e+04 -3.3962e+00 -3.8855e+00 -2.4779e+00 -7.3720e-02 -1.1930e+00 -9.0428e-01 +1.3406e+00 -4.0303e+00 +5.0646e-01 -1.0157e+00 -1.7302e-01 +7.8693e-01 +2.4628e+00 -2.1936e+00 -2.1014e+00 +1.1734e+00 +2.0036e+00 +4.6498e-01 -1.1308e+00 -2.8996e+00
5932 +6.248506847e+04 +6.248506847e+04 +6.254366847e+04 +6.254366847e+04 -3.8476e+00 -5.0020e-01 +5.0384e-01 -2.3374e+00 -1.3502e+00 -2.2722e+00 +8.8487e-01 +6.8183e-01 -3.7689e+00 +2.5512e-01 -1.7542e+00 -3.3602e+00 +3.7988e+00 -2.4848e+00 -9.2869e-01 -4.9793e+00 -3.7341e+00 +2.5705e+00 -3.4905e+00 +3.3552e+00
16073 +3.908545634e+04 +3.908545634e+04 +3.914405634e+04 +3.914405634e+04 -5.9873e-01 -1.3409e+00 +8.9170e-01 -1.7471e+00 -1.3967e+00 -4.0791e+00 +3.7375e+00 -4.1464e+00 -1.7847e-01 -3.4559e+00 -5.7399e-01 -1.8348e+00 +2.1343e+00 -3.5988e+00 +1.6411e+00 -2.1062e+00 -4.1354e+00 +1.0153e+00 -1.6088e+00 -1.1511e+00
16226 +2.455355061e+04 +2.455355061e+04 +2.461215061e+04 +2.461215061e+04 -3.4290e+00 -3.6862e+00 +9.8015e-01 -4.3967e-01 -1.3135e+00 -2.0517e+00 +4.5338e+00 -2.2541e+00 -2.0915e+00 +1.3896e+00 -4.4057e+00 -1.7366e+00 +1.0375e+00 -3.9443e+00 +5.2651e-01 -7.1306e-01 -6.6650e-01 -5.4492e-01 +1.4954e+00 +2.8918e+00
279969 +2.337188830e+04 +2.337188830e+04 +2.343048830e+04 +2.343048830e+04 -1.4667e+00 -1.4923e+00 -1.3890e+00 -1.0653e+00 -2.2301e+00 -3.6281e+00 +2.6566e+00 -4.7672e+00 +1.2634e+00 -1.8292e+00 -1.2310e+00 -1.8687e+00 +2.6805e+00 -6.1816e-01 -6.2335e-01 -3.8142e+00 -2.7278e+00 +4.8520e-01 +4.8075e-02 +1.7207e+00
285440 +1.631745647e+04 +1.631745647e+04 +1.637605647e+04 +1.637605647e+04 -1.0016e+00 -1.9045e+00 +4.6924e-01 -2.6480e+00 -2.7161e+00 -8.1861e-01 +2.7509e+00 -4.1755e+00 -1.5312e-01 -6.5775e-01 -1.9469e+00 -2.5822e+00 +3.4785e+00 -4.9201e+00 +7.2056e-02 -3.7163e+00 +9.3824e-01 +1.4037e-01 -3.3101e-01 -2.4606e+00
781430 +1.259799014e+04 +1.259799014e+04 +1.265659014e+04 +1.265659014e+04 -4.9191e+00 +5.7122e-02 +1.8110e+00 -3.0211e+00 -4.5962e+00 -4.0604e+00 +3.3898e+00 -2.5622e+00 -6.3634e-01 -1.8446e+00 -2.1488e+00 -2.9549e+00 +1.9134e+00 -4.2817e+00 +2.3278e-01 -3.0853e+00 -7.6670e-01 -6.5446e-01 -4.7568e-01 -4.5759e+00
2593564 +1.082455417e+04 +1.082455417e+04 +1.088315417e+04 +1.088315417e+04 -3.4463e+00 +7.4198e-01 -8.7904e-03 -2.8242e+00 -4.1918e+00 -2.2144e+00 +3.3493e-01 -3.2938e+00 -7.4467e-02 -3.4067e+00 -3.8535e+00 -2.7324e+00 +6.6161e-01 -3.4630e+00 -1.0152e+00 -9.8215e-01 +8.8439e-01 +3.4336e-01 +6.6009e-01 +1.1266e+00
12605841 +8.891320646e+03 +8.891320646e+03 +8.949920646e+03 +8.949920646e+03 -1.7572e+00 -2.0388e+00 +9.4786e-01 -9.4995e-01 -1.9959e+00 -3.0947e+00 +7.8636e-01 -4.3400e+00 -7.1658e-01 -8.0617e-02 -3.9719e+00 -1.4651e+00 +1.8962e+00 -3.0223e+00 -2.9146e+00 -3.2586e-02 +1.6599e-02 -2.3584e-01 -2.4659e+00 -8.9222e-01
46769810 +8.559013649e+03 +8.559013649e+03 +8.617613649e+03 +8.617613649e+03 -1.5221e+00 -1.3582e+00 -2.7290e-01 -1.2737e+00 -2.1591e+00 -3.9246e+00 +2.6533e+00 -3.3145e+00 -1.2333e+00 +3.6552e-01 -1.9237e+00 -3.8098e+00 +1.8547e+00 -3.5537e+00 -4.2930e-01 -1.8945e+00 -3.3894e+00 +2.2055e+00 +1.1993e+00 +2.1315e+00
64410814 +6.964083668e+03 +6.964083668e+03 +7.022683668e+03 +7.022683668e+03 -8.0171e-01 -5.3719e-01 -1.6299e+00 -2.3773e+00 -3.2858e+00 -3.9669e+00 +2.0941e+00 -4.5534e+00 -3.4438e+00 +8.2666e-01 -1.7204e+00 -1.1383e+00 +1.7743e+00 -4.2219e+00 +2.4600e-01 -2.8457e+00 -2.1827e+00 +2.8447e+00 -1.8760e-02 -7.0547e-01
% function evaluation | noise-free fitness - Fopt (-1.826500000000e+02) | best noise-free fitness - Fopt | measured fitness | best measured fitness | x1 | x2...
1 +2.714521520e+05 +2.714521520e+05 +2.712695020e+05 +2.712695020e+05 -3.8513e+00 +4.9236e+00 -2.4684e+00 -2.9892e+00 -3.5317e+00 +3.0736e+00 -3.1711e+00 +3.8856e+00 +1.6930e+00 -1.0399e+00 -5.7492e-01 +3.2267e+00 -2.8555e-01 -4.7344e+00 -1.6151e+00 +4.5744e+00 +1.0325e+00 +1.7279e+00 -2.2096e+00 +2.7125e+00
2 +2.339438936e+05 +2.339438936e+05 +2.337612436e+05 +2.337612436e+05 -9.4336e-02 +1.4618e+00 -2.0644e+00 -4.2084e+00 -4.6505e+00 +2.7199e+00 -4.6820e+00 +2.7365e-01 -1.0897e+00 -3.5132e+00 +4.6558e+00 +1.8516e+00 +1.0611e+00 +3.2503e+00 -1.8942e+00 +1.8711e+00 +2.3631e+00 -3.4135e-01 +1.4062e+00 +2.8364e-01
10 +1.728317679e+05 +1.728317679e+05 +1.726491179e+05 +1.726491179e+05 +8.5234e-01 +2.2509e+00 -3.2818e+00 -4.0029e+00 +4.2276e+00 +1.8629e-01 -3.2523e+00 +4.0427e-01 -2.6120e+00 -8.7123e-01 +2.4637e+00 -2.9521e-01 -1.7358e+00 -2.7758e-01 +4.1943e+00 -6.6690e-01 +2.3497e-01 +2.9314e+00 -2.8440e+00 -1.5846e-01
20 +1.605956953e+05 +1.605956953e+05 +1.604130453e+05 +1.604130453e+05 +2.1112e+00 +3.3201e+00 +4.1948e+00 -1.5388e+00 -1.6369e+00 -2.9430e+00 -1.4494e+00 +1.0524e+00 +2.9001e+00 +5.7282e-01 +1.6495e+00 +2.8419e-01 -2.6187e-01 -1.6213e+00 -1.5085e+00 +2.7232e+00 +2.4880e+00 -2.1308e-01 -4.5561e+00 -4.9914e-01
49 +1.164904562e+05 +1.164904562e+05 +1.163078062e+05 +1.163078062e+05 -2.2319e+00 -2.9994e+00 +1.8536e+00 -1.6311e+00 -3.6477e+00 -6.2281e-02 -2.3585e+00 -6.9643e-01 -1.2077e+00 +2.5026e+00 -3.0550e+00 -4.2308e+00 -3.3620e+00 +2.4348e+00 +2.5012e+00 -2.2093e+00 -2.9930e+00 -1.1548e+00 -2.0426e+00 +2.6485e+00
90 +6.345923378e+04 +6.345923378e+04 +6.327658378e+04 +6.327658378e+04 -1.0338e+00 -2.1218e+00 +1.4886e+00 -2.4284e+00 +2.1492e+00 -2.8356e+00 -4.0736e-01 +2.0931e+00 -9.0810e-01 +4.1963e+00 +3.2013e+00 -1.9004e+00 +1.9749e+00 -3.6136e-01 +6.5958e-01 -1.4808e-01 -2.8296e-01 +2.5961e+00 -1.5300e+00 +2.8834e+00
650 +6.246607236e+04 +6.246607236e+04 +6.228342236e+04 +6.228342236e+04 -3.6453e+00 +4.0426e+00 +2.8696e+00 -2.6088e+00 -2.0085e+00 -3.0110e+00 -1.1347e+00 +1.9093e+00 -1.8502e+00 -3.1841e-02 +1.5535e+00 +2.3917e+00 +2.8877e+00 -2.3169e+00 +9.2201e-02 -3.5548e+00 -2.3814e+00 +2.7122e+00 +2.2650e+00 +2.7075e+00
1246 +4.788417636e+04 +4.788417636e+04 +4.770152636e+04 +4.770152636e+04 -2.8962e+00 +4.9452e+00 +2.8571e+00 -6.5491e-01 +1.9335e+00 -2.4251e+00 +2.8006e-01 +3.9512e+00 +1.5867e+00 +2.7538e-01 -1.3408e+00 +5.3388e-01 -1.0199e+00 -5.3051e-01 -1.1618e+00 +5.8027e-01 -3.0321e+00 +2.3812e+00 -1.0466e+00 +2.8761e-01
4458 +4.478072081e+04 +4.478072081e+04 +4.459807081e+04 +4.459807081e+04 +5.3217e-01 +3.8139e+00 +8.4057e-01 -4.6230e+00 +3.0242e+00 +5.1104e-01 -3.5955e+00 -1.2809e+00 +2.4320e+00 +3.6951e+00 +1.0944e+00 -1.7182e+00 -1.1055e+00 +1.1177e+00 +2.7897e+00 +7.7845e-01 -2.5397e+00 +2.2230e+00 +2.1577e+00 -4.0830e+00
9037 +4.267408812e+04 +4.267408812e+04 +4.249143812e+04 +4.249143812e+04 -3.7696e+00 +3.7043e+00 +7.3675e-01 -3.7943e+00 -3.8549e+00 +1.3234e+00 -4.1279e+00 +2.9670e+00 +1.1986e+00 +4.2573e+00 +3.1261e+00 -2.4709e+00 -3.1045e-01 -3.2303e+00 +4.0233e+00 -1.8005e+00 +2.0509e-02 -4.8726e-01 +3.3984e+00 -3.1678e+00
14566 +3.109460037e+04 +3.109460037e+04 +3.091195037e+04 +3.091195037e+04 -4.4574e+00 +2.6836e+00 -1.2079e+00 -4.8715e+00 -7.6519e-01 -7.4427e-01 -2.6861e+00 -3.7857e-01 +8.5666e-01 +4.1591e+00 -1.7594e+00 -1.0207e+00 -2.7915e+00 -4.0053e+00 +2.7636e+00 -3.9507e+00 -6.0230e-01 +1.2270e+00 -1.3739e+00 +4.6274e+00
22933 +1.528473214e+04 +1.528473214e+04 +1.510208214e+04 +1.510208214e+04 -3.8847e+00 +9.4873e-01 +2.5403e+00 -3.9098e+00 -2.3032e-01 +2.3853e+00 -1.9745e+00 +1.9865e+00 +1.3250e+00 +1.2055e+00 +6.9891e-01 -1.1989e+00 +6.6496e-01 +4.7094e-02 +3.0979e+00 +8.9430e-01 +1.0657e+00 +4.3328e-01 +2.3144e-01 +3.7687e-01
1629497 +1.426966462e+04 +1.426966462e+04 +1.408701462e+04 +1.408701462e+04 -2.4789e+00 +6.0562e-01 -1.9919e+00 -2.7481e+00 -4.0375e-01 -6.1789e-01 -1.8579e+00 +1.1666e+00 +3.3251e+00 +2.0515e+00 -1.6712e+00 -2.8551e-01 +1.0744e+00 +7.9852e-01 +2.9845e+00 -3.1284e+00 -1.4572e+00 -8.5721e-01 +2.4656e+00 +1.4714e-01
2302929 +1.356086853e+04 +1.356086853e+04 +1.337821853e+04 +1.337821853e+04 -3.8385e+00 +2.6172e+00 -5.6607e-01 -3.1102e+00 +2.5090e-02 -1.9394e+00 -3.4269e+00 +7.7029e-01 +2.0971e+00 +3.9811e+00 -1.4447e+00 -4.8897e-01 +6.2843e-01 -4.6780e-01 +3.4566e+00 -2.3063e+00 -2.4159e+00 +1.2859e+00 -2.2013e+00 +2.7510e+00
3194201 +1.282456036e+04 +1.282456036e+04 +1.264191036e+04 +1.264191036e+04 -3.3998e+00 +9.6044e-01 -4.0728e-02 -2.2506e+00 -2.5012e+00 -4.9756e-01 -1.4264e+00 -1.3775e-01 +1.6017e+00 +1.0145e+00 +5.0886e-01 -3.1575e+00 -3.3810e-02 -5.7356e-01 -7.2971e-01 -8.8098e-01 +7.9246e-01 -2.7626e-01 +2.8530e+00 -4.5948e+00
3479313 +1.185927499e+04 +1.185927499e+04 +1.167662499e+04 +1.167662499e+04 -2.1406e+00 +2.3552e-01 +4.4981e-01 -2.2587e+00 +3.0907e-01 -1.9359e+00 -2.8976e+00 -2.9628e-01 -7.7041e-01 +1.6692e+00 +1.6185e+00 -3.2390e+00 +5.6029e-03 -2.0022e-01 +2.9934e+00 -4.0339e-01 +4.0137e-01 +1.8901e+00 -1.4983e-01 +4.0006e+00
4707712 +8.640296070e+03 +8.640296070e+03 +8.457646070e+03 +8.457646070e+03 -3.3466e+00 +7.4340e-01 +6.3257e-01 -1.5485e+00 -3.6120e-01 -1.4815e+00 -2.5424e+00 +2.5764e-01 -1.1529e-01 +3.7258e+00 +2.0372e+00 -2.2138e+00 -1.9565e+00 -1.4040e+00 +1.7307e+00 -1.2108e+00 +1.3236e+00 +1.1052e+00 +3.0655e+00 +2.9155e-01
16432413 +7.271626731e+03 +7.271626731e+03 +7.088976731e+03 +7.088976731e+03 -2.1916e+00 +3.6778e+00 +5.7744e-01 -3.0887e+00 +1.0502e+00 -4.8598e-01 -3.6829e+00 -1.9259e-01 -3.7868e-01 +2.9696e+00 +1.3819e+00 -1.0573e+00 -9.8735e-01 -4.0237e-02 +5.3933e-01 +3.5222e-01 +1.4127e+00 +1.1223e+00 +4.7294e-01 +5.1364e-01
17908873 +5.270274130e+03 +5.270274130e+03 +5.087624130e+03 +5.087624130e+03 -1.3255e+00 +3.3555e+00 +1.4935e+00 -4.9932e+00 -4.5439e-01 -2.6885e+00 -1.8594e+00 +3.2497e-01 +1.9592e+00 +2.1461e+00 -1.9209e-01 -1.0637e+00 -2.0480e+00 -1.6533e+00 +2.7698e-01 -1.4038e+00 +3.9969e-01 +1.2543e+00 +1.1446e+00 -4.6858e+00
183187197 +4.053198057e+03 +4.053198057e+03 +3.870548057e+03 +3.870548057e+03 -1.9088e+00 +1.6994e+00 +8.8666e-01 -3.2692e+00 +8.1178e-01 -8.3786e-01 -1.3813e+00 +3.2225e-01 +9.7398e-01 +2.5486e+00 +1.4643e-01 +2.6362e-01 -4.4755e-01 -2.4481e+00 +2.0007e+00 -7.5425e-01 +5.5735e-01 -1.0951e+00 +3.1540e+00 +3.7248e+00
% function evaluation | noise-free fitness - Fopt (3.274000000000e+01) | best noise-free fitness - Fopt | measured fitness | best measured fitness | x1 | x2...
1 +5.670328828e+05 +5.670328828e+05 +5.670656228e+05 +5.670656228e+05 -3.6260e+00 -1.8360e+00 -4.8211e+00 -3.2525e+00 -4.1693e+00 -1.3959e+00 -8.9556e-01 +7.0926e-01 -1.7130e-01 +4.0453e+00 +1.5623e+00 -5.2774e-01 +4.9088e+00 -3.7107e+00 +1.3808e+00 +8.9605e-01 -2.7751e+00 -2.7554e+00 -3.3923e+00 +8.0770e-01
3 +4.805993493e+05 +4.805993493e+05 +4.806320893e+05 +4.806320893e+05 -2.5874e+00 -1.2318e+00 -4.1334e+00 +4.9132e-01 +1.0431e+00 +1.6935e+00 -1.9091e+00 +4.1132e+00 +6.0442e-02 +3.3047e+00 -2.7468e+00 -4.7526e+00 -3.4708e+00 -3.3095e+00 -3.2157e+00 -1.9349e+00 -1.3731e+00 -2.5854e+00 +1.7980e+00 -1.5343e+00
7 +4.692561792e+05 +4.692561792e+05 +4.692889192e+05 +4.692889192e+05 -3.9839e+00 -1.5900e+00 +2.6587e+00 +4.3386e+00 -2.4628e+00 +6.2911e-01 +1.3579e+00 +4.5767e+00 -3.8296e+00 -3.0949e+00 -1.2847e+00 -7.0084e-02 -2.2973e-01 -4.5720e+00 -2.4714e+00 +2.7191e+00 +3.1444e+00 -2.6535e+00 -3.5293e+00 +4.7634e+00
9 +3.786966493e+05 +3.786966493e+05 +3.787293893e+05 +3.787293893e+05 +3.7485e+00 -2.7521e+00 +1.9706e+00 +2.3463e+00 -1.8361e+00 -2.5325e+00 +2.5185e+00 +2.5924e+00 -3.9009e+00 +2.2657e+00 -3.0115e+00 +4.2987e+00 -2.5970e+00 -9.7454e-01 +3.9338e+00 -3.1426e+00 -4.6257e+00 -4.9586e+00 -1.9898e+00 +2.0018e+00
15 +8.184507853e+04 +8.184507853e+04 +8.187781853e+04 +8.187781853e+04 +1.5756e+00 -6.4342e-01 +2.0594e+00 +3.4346e+00 +1.3539e+00 +2.6009e+00 +1.2952e-01 -6.4926e-01 -4.4654e+00 +1.4602e+00 -4.6904e+00 +2.9004e+00 -4.8941e+00 +9.4296e-03 -2.8028e+00 +1.8629e-01 +3.6665e+00 -2.8735e-01 -4.7338e-02 -5.8649e-01
3478 +7.373465019e+04 +7.373465019e+04 +7.376739019e+04 +7.376739019e+04 -1.8521e+00 -4.7641e+00 +2.0960e+00 +4.0427e+00 -4.5618e-01 -1.9974e+00 -2.7365e-01 -1.9466e+00 -7.2010e-01 -1.7282e-02 +1.4811e+00 -3.8774e-01 +7.2360e-01 -3.8997e+00 -2.8366e+00 -4.7867e+00 -1.3203e+00 +8.7198e-01 -1.5080e+00 +3.4609e+00
4864 +6.979739666e+04 +6.979739666e+04 +6.983013666e+04 +6.983013666e+04 +1.1725e+00 -3.4197e+00 +1.2064e+00 +4.0112e+00 -3.3042e+00 +4.1754e+00 -1.6838e+00 -1.8056e+00 -1.5632e+00 -1.0553e+00 +1.7354e-01 +3.8943e+00 -1.7484e+00 +9.9419e-01 +4.2904e-01 -1.8975e+00 -3.8118e+00 +1.5138e-01 -1.3280e+00 +1.6907e-01
12652 +4.861294692e+04 +4.861294692e+04 +4.864568692e+04 +4.864568692e+04 -2.2367e+00 -1.9005e+00 +1.0034e+00 +3.1452e+00 +3.8282e+00 +7.9734e-03 +1.0721e+00 -2.7391e+00 -3.8293e+00 +1.3531e+00 -7.2852e-02 +3.5834e+00 -2.5578e+00 -4.0559e+00 -1.7091e+00 -2.0534e+00 -4.1536e+00 -2.4508e+00 -7.2750e-01 +1.1520e+00
17208 +3.638712260e+04 +3.638712260e+04 +3.641986260e+04 +3.641986260e+04 +2.1520e+00 -1.2966e+00 +1.2993e+00 +2.0920e+00 -3.0093e-02 +3.0478e+00 -1.9040e+00 -3.9962e+00 -4.1698e+00 +9.8673e-01 +5.4534e-01 +2.9362e+00 -4.6521e+00 -2.2328e+00 -2.2165e+00 +1.2700e-01 +3.6389e-01 -3.6215e+00 -1.2648e+00 -4.2621e+00
27166 +2.955065307e+04 +2.955065307e+04 +2.958339307e+04 +2.958339307e+04 +9.5395e-01 -2.0005e+00 +1.9939e+00 +2.8861e+00 +5.0696e-01 +1.3365e+00 -4.3265e+00 +6.9151e-01 -1.3098e+00 -6.1239e-01 +1.5982e-02 -8.8350e-01 -1.3801e+00 -3.5120e+00 +4.8953e-01 -1.1393e+00 -1.4107e-01 -2.5443e+00 -3.2975e+00 +4.8031e+00
87940 +2.917462616e+04 +2.917462616e+04 +2.920736616e+04 +2.920736616e+04 +2.4470e+00 -1.4067e+00 +1.1214e+00 +2.2819e+00 -2.2135e+00 +4.1297e-01 -4.0422e+00 -4.1822e+00 -3.3284e+00 -2.4161e-01 +2.4164e-01 +3.3146e+00 -2.8010e+00 -1.1413e+00 -2.4662e+00 -2.6999e+00 +1.9697e+00 -1.7103e+00 -3.2237e+00 -3.7814e+00
369000 +2.361032665e+04 +2.361032665e+04 +2.364306665e+04 +2.364306665e+04 -2.9190e-01 -1.4362e+00 -1.5969e+00 +3.3009e+00 -1.6577e+00 +3.7902e+00 -1.7446e+00 -4.1300e+00 -1.4824e+00 -8.2721e-01 +1.3509e+00 +1.5957e-01 -9.4155e-02 -3.7564e+00 -2.0233e+00 -1.2255e+00 -4.8033e-01 -2.5836e+00 -2.1761e+00 +4.3250e+00
386417 +1.929851447e+04 +1.929851447e+04 +1.933125447e+04 +1.933125447e+04 -1.6563e+00 -1.9471e+00 -1.6422e-01 -5.0885e-01 +2.9024e+00 +1.4628e-01 +4.1853e-02 -4.9040e+00 -2.6432e+00 +5.8715e-01 -2.4157e+00 -1.2633e-01 -3.3722e-01 -1.9379e+00 -2.9985e+00 -1.2104e+00 -2.4335e+00 -4.7215e+00 -1.3514e+00 +2.4547e+00
553813 +7.317954280e+03 +7.317954280e+03 +7.350694280e+03 +7.350694280e+03 +1.6202e+00 -2.0485e+00 -2.0505e+00 +2.6983e+00 -7.4278e-01 +6.5481e-01 -9.2195e-01 -2.5108e+00 -3.1291e+00 -1.7303e+00 -2.3186e+00 +2.5026e+00 -2.7629e+00 -2.0624e+00 -1.1571e+00 -2.7560e+00 +6.6589e-01 -3.4403e+00 -2.1105e+00 -1.8501e+00
17149282 +3.983784203e+03 +3.983784203e+03 +4.016524203e+03 +4.016524203e+03 -6.8515e-02 -3.4664e+00 +3.4184e-01 +2.2826e+00 -1.0881e+00 +1.0603e+00 -2.3248e+00 -2.7632e+00 -1.7343e+00 +1.5264e+00 -8.7447e-01 -1.3904e-01 -8.9292e-01 -8.8982e-01 -5.6063e-01 -1.4718e+00 +2.9642e-01 -4.3068e+00 -4.2529e+00 -8.0885e-01
% function evaluation | noise-free fitness - Fopt (-3.761100000000e+02) | best noise-free fitness - Fopt | measured fitness | best measured fitness | x1 | x2...
1 +1.841075572e+05 +1.841075572e+05 +1.837314472e+05 +1.837314472e+05 +1.2221e+00 +3.0585e+00 +3.4072e+00 +3.4112e-02 -1.3389e+00 +9.6036e-01 -6.2224e-02 +2.3575e-04 -6.0874e-01 +1.3501e+00 -4.3494e+00 -4.7595e+00 +3.7454e-01 +7.2571e-03 -4.3391e-01 -2.1283e+00 +4.7089e+00 +1.6176e+00 -1.4642e+00 +4.1592e+00
28 +1.790397972e+05 +1.790397972e+05 +1.786636872e+05 +1.786636872e+05 -4.4684e+00 +4.6350e+00 -3.0341e+00 -9.7755e-01 +4.5522e+00 +3.4574e+00 -2.1569e+00 -2.4957e+00 -3.7906e-01 +3.1052e-01 -1.3316e+00 +4.8099e-01 +3.3414e+00 +3.5253e+00 -2.0455e+00 +2.0912e+00 +1.9078e+00 +1.0161e+00 +4.5055e+00 +4.1933e+00
56 +1.602034091e+05 +1.602034091e+05 +1.598272991e+05 +1.598272991e+05 -1.8364e+00 +4.9871e+00 -1.7139e+00 +2.5113e+00 +5.8849e-01 +1.3702e+00 +5.5872e-01 +3.0530e+00 +9.2346e-01 +4.2656e+00 -1.0791e+00 +5.8478e-02 +1.6062e+00 +1.7815e-01 +1.0277e+00 -2.9079e+00 -1.2603e+00 -4.1842e+00 -1.0350e+00 -3.9510e-02
62 +1.220394342e+05 +1.220394342e+05 +1.216633242e+05 +1.216633242e+05 -7.8153e-01 +3.0272e+00 +1.7362e+00 +2.2940e+00 -2.5042e+00 +8.1060e-01 -1.9909e+00 -4.6700e+00 +3.0165e+00 +2.0347e+00 -4.3348e+00 -7.7204e-01 -6.5345e-01 +1.1292e+00 -2.5174e+00 +1.7144e+00 +3.0920e+00 -9.6486e-01 +1.0598e+00 -8.3587e-02
354 +1.016518619e+05 +1.016518619e+05 +1.012757519e+05 +1.012757519e+05 -1.9857e+00 +5.0624e-01 +5.8910e-01 -1.8391e+00 -3.3086e+00 -3.0018e-01 -1.3536e+00 -5.7532e-01 -4.0567e+00 -4.7283e-02 -1.6750e+00 -4.5021e-01 +2.0749e+00 +4.2357e+00 -4.5616e+00 +7.3637e-01 +1.9605e-03 -4.2738e+00 +3.9735e+00 +2.4450e+00
989 +8.962072111e+04 +8.962072111e+04 +8.924461111e+04 +8.924461111e+04 +1.7253e-01 +8.8631e-01 -4.6359e+00 +2.3185e+00 +1.9822e+00 -2.4725e+00 +1.1795e+00 +9.6981e-01 -4.1288e+00 -3.1478e-01 -2.8206e+00 -4.6446e+00 -5.4942e-01 +2.6467e+00 +2.7598e+00 -3.7167e+00 +7.1857e-01 -7.9984e-01 -7.1666e-01 -6.0887e-01
2366 +3.948549687e+04 +3.948549687e+04 +3.910938687e+04 +3.910938687e+04 -8.6526e-01 +3.6597e-01 -2.2539e-01 -2.3975e+00 -1.3773e+00 -4.2686e+00 -4.7045e+00 -3.2038e+00 +8.4083e-01 +2.8312e-01 -1.6685e+00 -4.5885e+00 -1.1238e+00 +2.3183e+00 -2.4401e+00 -5.9139e-01 -9.3412e-01 -2.0430e+00 -3.5339e-01 -3.6247e+00
2669 +3.615320407e+04 +3.615320407e+04 +3.577709407e+04 +3.577709407e+04 -2.9812e+00 +4.3745e-02 -3.9505e+00 +2.5837e-01 +5.6883e-01 -4.7433e+00 -1.6834e+00 -4.5328e+00 -2.2761e+00 -3.8828e-01 -1.9478e+00 -6.0939e-01 +2.9853e+00 +3.8393e+00 +4.3249e-01 -4.7506e+00 -6.8242e-01 -4.0996e+00 -2.3302e-01 +2.2502e+00
12035 +3.434887217e+04 +3.434887217e+04 +3.397276217e+04 +3.397276217e+04 -2.7361e+00 +2.4328e+00 -9.0464e-02 -2.8220e-01 +2.8201e+00 -1.7347e+00 -3.7919e+00 -4.3933e+00 +1.9585e+00 +3.4739e+00 -3.3709e+00 -2.3856e+00 -1.2202e+00 +2.3017e+00 +7.1349e-01 +1.1314e+00 +6.9442e-01 -7.1472e-01 +2.5732e+00 +4.6652e+00
17285 +3.179632253e+04 +3.179632253e+04 +3.142021253e+04 +3.142021253e+04 -4.4096e+00 +2.6257e+00 -3.6767e-01 +5.8431e-01 +3.9335e+00 -3.6177e+00 -3.8732e+00 -1.2868e+00 +1.3060e+00 +2.6032e+00 -2.8827e+00 -2.2000e+00 +1.6583e+00 +3.2749e-01 -1.0394e+00 -4.5502e+00 +2.2642e+00 -2.6164e+00 +6.4155e-01 -3.6523e+00
121832 +2.424101400e+04 +2.424101400e+04 +2.386490400e+04 +2.386490400e+04 -3.1568e+00 +2.4177e+00 -2.8282e+00 -1.5012e+00 -1.1304e+00 -1.7887e+00 -6.1633e-01 -4.1261e+00 +2.8337e-01 +6.0144e-01 -2.9932e+00 -3.3736e+00 -4.0948e-01 +3.7312e+00 -1.4259e+00 -1.2189e+00 -1.4588e+00 +1.1979e+00 +3.3592e+00 -3.1599e+00
236400 +2.300505768e+04 +2.300505768e+04 +2.262894768e+04 +2.262894768e+04 -3.1245e+00 +2.4113e+00 -4.3340e+00 +1.3910e+00 +3.3477e+00 -3.2484e+00 -1.3566e+00 -1.5318e+00 -3.8663e+00 +2.2086e-01 -2.1244e+00 -1.9665e-01 +1.4489e+00 +3.7816e+00 +5.3812e-01 -9.4676e-01 -7.7548e-02 -4.2949e-01 +2.8710e+00 +1.5120e-01
281212 +1.442972287e+04 +1.442972287e+04 +1.405361287e+04 +1.405361287e+04 -3.5554e+00 +2.5929e+00 -4.6612e+00 -3.0283e-01 -9.2021e-01 +7.0938e-01 -1.7202e+00 -3.7794e+00 -1.9961e+00 -9.9414e-01 -1.3115e+00 -2.3419e+00 -1.5480e+00 +2.5263e-01 -4.2336e-02 -1.7593e+00 -6.7756e-01 -1.1972e+00 +2.1841e+00 -6.7813e-01
2739993 +1.159555857e+04 +1.159555857e+04 +1.121944857e+04 +1.121944857e+04 -3.1544e+00 -1.0001e+00 -2.9645e+00 -1.7491e+00 -5.8856e-01 -2.1191e+00 -2.9310e+00 -3.2418e+00 -1.4608e+00 +9.4257e-02 -2.8736e+00 -2.8377e+00 +1.2060e+00 +2.3758e+00 -1.5782e+00 -3.9019e+00 +2.3133e-01 -4.3114e+00 +3.2202e+00 +4.2702e+00
3008742 +1.082098298e+04 +1.082098298e+04 +1.044487298e+04 +1.044487298e+04 -1.4616e+00 +2.9953e+00 -1.4978e+00 -1.9530e+00 +3.0659e-01 -1.4304e+00 -4.8758e+00 -1.9750e+00 -2.8017e+00 +2.6634e+00 -3.8691e+00 -1.8065e+00 +3.7543e-01 +2.8818e+00 +1.3230e+00 -4.1564e+00 +2.1932e+00 -7.7975e-01 +1.7707e-01 -4.1422e+00
5143693 +1.002272449e+04 +1.002272449e+04 +9.646614486e+03 +9.646614486e+03 -1.7389e+00 -4.4347e-03 -2.7889e-01 -4.7456e-01 +1.3241e+00 -9.8346e-01 -3.9839e+00 -1.3719e+00 -6.0345e-01 +3.3049e+00 -2.4411e+00 -4.6566e+00 +1.3996e+00 +3.0424e+00 +1.4948e+00 -3.4259e+00 +9.3839e-01 -3.9427e+00 +2.8665e+00 -3.1940e-01
16675119 +5.570744161e+03 +5.570744161e+03 +5.194634161e+03 +5.194634161e+03 -4.6088e+00 +3.0119e+00 -3.0538e+00 -5.0693e-01 +1.0160e+00 -3.2124e+00 -1.0335e+00 -1.7560e+00 -1.9043e+00 +2.5681e+00 -3.5388e+00 -3.6549e+00 -1.4481e+00 +2.4346e+00 -4.5042e-01 -2.2197e+00 -6.4893e-01 -3.3741e-01 -1.0578e+00 +4.5797e+00
% function evaluation | noise-free fitness - Fopt (-1.000000000000e+03) | best noise-free fitness - Fopt | measured fitness | best measured fitness | x1 | x2...
1 +1.043857525e+06 +1.043857525e+06 +1.042857525e+06 +1.042857525e+06 +4.9399e+00 -1.9192e+00 -2.3743e+00 +3.2783e+00 +4.9346e+00 +1.8174e+00 -3.7315e+00 +3.9356e+00 -1.0158e+00 -2.7614e+00 -3.8455e+00 -3.7385e+00 -2.1382e+00 -4.6286e+00 +3.8533e-02 -4.0436e+00 +2.8135e+00 -3.5325e+00 -4.2771e+00 +2.6287e-01
2 +3.833658661e+05 +3.833658661e+05 +3.823658661e+05 +3.823658661e+05 +2.2259e+00 -1.1469e+00 +4.5053e+00 -3.1728e+00 -2.7141e+00 -2.6432e+00 -4.9029e+00 -1.5057e+00 +2.7065e+00 +4.1037e+00 -1.2410e+00 -2.7697e+00 -2.4489e-01 -3.9599e+00 +2.6637e+00 +3.5061e+00 -3.7510e+00 -2.8275e+00 +2.9367e+00 -2.0255e+00
3 +3.589430188e+05 +3.589430188e+05 +3.579430188e+05 +3.579430188e+05 +4.9479e-01 -8.1040e-01 -1.6167e+00 -3.6765e+00 +5.3363e-01 +3.0634e+00 -2.8574e+00 -2.1692e+00 +1.3505e+00 -3.0405e+00 -1.9084e+00 -3.8985e+00 -4.8201e+00 -3.4929e+00 -4.8812e+00 +9.7325e-01 +5.8992e-01 -2.5509e+00 -6.7726e-01 +4.6181e+00
6 +3.165458243e+05 +3.165458243e+05 +3.155458243e+05 +3.155458243e+05 -2.4482e+00 +4.7118e+00 -2.2102e+00 +2.0997e+00 +2.5489e+00 -2.4750e+00 +3.4215e+00 +2.2350e+00 -2.9119e+00 +3.6481e+00 -4.2665e+00 +1.7390e+00 +5.4367e-01 -2.2700e+00 -2.2989e+00 -2.9629e+00 +6.8127e-01 -2.2912e+00 +1.8088e+00 +1.8982e+00
12 +1.813435065e+05 +1.813435065e+05 +1.803435065e+05 +1.803435065e+05 -1.6575e+00 +4.3204e+00 +3.7789e+00 -4.7456e+00 -4.7319e+00 +1.2779e+00 -3.9907e+00 +9.9957e-01 -3.0102e+00 +1.0447e+00 -1.7969e+00 -1.9596e+00 +2.0637e+00 +1.9261e-01 +4.7430e-01 +3.8183e+00 -3.6496e+00 -3.9384e+00 +3.1610e+00 -2.4301e+00
27 +1.402553667e+05 +1.402553667e+05 +1.392553667e+05 +1.392553667e+05 -2.9905e+00 +2.7260e+00 -2.0743e+00 +2.0283e+00 -3.7910e+00 -1.1366e+00 +3.7157e-01 -1.6174e+00 +1.2457e+00 -2.3534e-01 -3.6753e+00 +4.9760e+00 +4.1151e-01 -9.8600e-01 -3.0747e+00 +3.2070e+00 -1.3613e+00 +2.7472e+00 -1.2288e+00 -4.8871e+00
56 +1.344586754e+05 +1.344586754e+05 +1.334586754e+05 +1.334586754e+05 -2.0617e+00 +2.8359e-01 -3.9107e+00 -5.0319e-01 +1.2044e+00 -4.7921e+00 -4.1746e-01 +2.7668e+00 +1.8002e+00 -3.1011e+00 +2.9584e+00 +3.0205e+00 +9.8024e-01 -4.2492e-02 -1.3192e+00 +3.2732e+00 +1.9630e+00 -3.5531e+00 +3.5307e+00 +3.5408e+00
217 +1.219885468e+05 +1.219885468e+05 +1.209885468e+05 +1.209885468e+05 -2.5735e+00 +4.5166e+00 +4.7845e+00 +2.1780e+00 +4.6612e-02 -1.8683e+00 -1.7130e+00 +1.5075e+00 -2.1932e-01 -5.0762e-01 +2.7046e-01 +1.8858e+00 +3.8069e+00 +2.6341e+00 +3.4545e-02 -2.7774e+00 +6.4001e-01 -2.7199e+00 -1.6727e+00 +4.0329e+00
237 +9.069554488e+04 +9.069554488e+04 +8.969554488e+04 +8.969554488e+04 +1.1300e+00 -1.6321e+00 +3.0384e+00 -1.5057e-01 -1.9644e+00 -1.1752e+00 -2.7439e+00 +3.9646e+00 +2.0461e+00 -2.3366e+00 +5.2477e-01 +8.2714e-01 +9.8581e-01 +2.7143e+00 -3.1567e+00 -4.2518e+00 +3.0789e+00 +7.3528e-02 +5.8535e-01 -1.1989e+00
403 +8.491722024e+04 +8.491722024e+04 +8.391722024e+04 +8.391722024e+04 -1.5578e+00 +4.1294e+00 +3.3538e+00 +1.6773e+00 -4.0366e+00 -4.6402e+00 -2.9349e+00 +4.4926e+00 +3.3715e+00 +1.5395e+00 -1.0650e+00 +9.7299e-01 -2.3791e+00 -2.4040e+00 -4.8043e+00 +1.4040e+00 +3.3285e-01 -3.0205e+00 +2.5703e+00 -3.3021e+00
3029 +4.815924821e+04 +4.815924821e+04 +4.715924821e+04 +4.715924821e+04 +3.0717e-01 +3.8500e+00 -3.0044e-01 +4.2621e-01 -3.2179e+00 +1.3811e-01 -3.8009e+00 +2.9428e+00 +3.8715e-01 +8.5855e-01 +3.2950e+00 +1.4800e+00 -1.9056e+00 +7.8379e-01 -4.9177e+00 -9.4604e-01 -1.9669e+00 +2.3981e-01 -3.7609e-01 -4.2728e+00
11818 +3.592003422e+04 +3.592003422e+04 +3.492003422e+04 +3.492003422e+04 +2.1059e+00 +2.8428e+00 +4.0013e-01 -3.2836e+00 -7.4657e-01 -9.1155e-01 +5.7699e-01 +3.3868e+00 +8.8561e-01 +1.3056e+00 -1.6237e-02 +2.2138e+00 +2.8520e+00 -6.1476e-01 -3.3541e+00 +1.9128e+00 +1.0675e+00 -1.3453e+00 +2.7683e+00 -2.5362e+00
17355 +3.160432468e+04 +3.160432468e+04 +3.060432468e+04 +3.060432468e+04 -1.1903e+00 -4.9375e-01 -1.5337e-01 -1.6437e+00 -2.4571e+00 -3.2475e+00 +2.2296e+00 +3.7551e+00 -1.6589e+00 -1.8986e+00 +2.8733e+00 +2.5145e+00 -2.0987e+00 -1.5477e+00 -4.7628e+00 +3.4595e-02 -1.0730e-02 -6.5558e-01 +2.9334e+00 -2.8991e+00
18687 +1.772682080e+04 +1.772682080e+04 +1.672682080e+04 +1.672682080e+04 -1.0724e+00 +1.5595e+00 +1.7380e+00 -2.7230e+00 -4.1712e+00 -1.1567e+00 +2.5544e+00 -1.4036e+00 -7.8715e-02 -2.9045e-01 +2.5431e+00 +3.8301e+00 +1.1047e+00 -1.4151e+00 -2.9332e+00 +2.3472e+00 +3.9486e-01 -2.3475e+00 -1.8613e+00 +3.3578e+00
729233 +1.610794392e+04 +1.610794392e+04 +1.510794392e+04 +1.510794392e+04 -1.0390e+00 +2.1336e+00 -8.4262e-01 -4.3082e+00 -6.6731e-01 -2.4218e-01 -6.7566e-01 +2.4589e-01 +1.8038e-01 -1.1504e+00 -2.1152e-02 +1.4963e+00 -3.3094e-01 +6.4198e-01 -2.7996e+00 -1.3794e+00 -1.8738e+00 -9.7991e-01 +1.0388e+00 -3.5849e+00
2243518 +1.197534831e+04 +1.197534831e+04 +1.097534831e+04 +1.097534831e+04 -2.0710e-01 -8.0481e-01 -1.7089e+00 +3.8387e-01 -3.3564e+00 -4.0366e+00 -5.0299e-01 +1.9971e+00 -1.4640e+00 +9.9055e-03 -7.9184e-01 +3.6928e+00 -6.7784e-01 -1.0369e+00 -3.1576e+00 -1.2730e-01 -2.8660e-01 -9.9124e-01 +1.5548e+00 -4.0009e-01
17729833 +1.067696254e+04 +1.067696254e+04 +9.676962538e+03 +9.676962538e+03 -1.9572e+00 +2.1003e+00 -3.9178e-01 -2.8340e+00 -1.9635e+00 -4.2183e+00 -3.8690e-01 -1.9978e+00 -9.5168e-01 -1.8898e+00 +2.2398e+00 +3.4339e+00 +1.3737e-01 -1.3389e+00 -3.4962e+00 +2.5612e-01 -4.9181e-01 +7.9547e-02 +1.7778e+00 -1.6847e+00
31840005 +7.256919845e+03 +7.256919845e+03 +6.256919845e+03 +6.256919845e+03 -1.3881e+00 +1.3284e+00 +2.3125e+00 -1.5642e+00 -3.4266e+00 -2.9904e+00 -2.7787e-02 +1.3606e+00 +9.5592e-01 +7.0992e-01 +2.3579e+00 +2.8938e+00 -2.9834e-01 -5.1392e-01 -2.7417e+00 +2.9407e+00 +4.4871e-02 -2.4025e+00 +2.8580e+00 +2.3768e+00
113240814 +6.951593386e+03 +6.951593386e+03 +5.951593386e+03 +5.951593386e+03 -1.2052e+00 +3.3025e+00 +1.6580e+00 -3.1326e+00 -2.8005e+00 -2.2024e+00 +1.4681e+00 +1.9704e+00 +6.3965e-01 -1.0170e+00 +9.2361e-01 +7.0977e-01 +1.8352e-01 -2.0494e+00 -1.7223e+00 +7.6748e-01 -2.0020e-01 -3.2414e+00 +2.3459e+00 -9.6323e-01
% function evaluation | noise-free fitness - Fopt (-1.720700000000e+02) | best noise-free fitness - Fopt | measured fitness | best measured fitness | x1 | x2...
1 +3.860120300e+05 +3.860120300e+05 +3.858399600e+05 +3.858399600e+05 +1.5024e-01 +5.2523e-01 +3.3803e+00 -2.6405e+00 +3.9463e+00 -9.2502e-01 -4.6863e-01 -2.8639e+00 -1.4512e+00 -3.9678e+00 -3.6083e+00 +3.5529e+00 -1.1278e+00 -4.8058e+00 +1.8665e+00 -2.7923e+00 -3.9085e+00 +2.3042e+00 -4.3519e+00 -1.4421e+00
4 +3.513913938e+05 +3.513913938e+05 +3.512193238e+05 +3.512193238e+05 +2.2045e+00 -4.9844e+00 +3.9884e+00 -1.2664e+00 -2.3876e+00 +2.1336e+00 +2.3942e-01 -2.0648e+00 -3.8729e+00 -2.0983e+00 +2.9792e+00 -5.7653e-01 -3.3872e+00 +4.0783e+00 -3.9760e+00 +2.6783e+00 -1.9123e+00 -2.7006e+00 -3.6637e+00 +4.4028e+00
17 +2.228775542e+05 +2.228775542e+05 +2.227054842e+05 +2.227054842e+05 +1.1890e+00 +2.0414e+00 +4.8099e+00 +7.9534e-02 +3.0168e+00 -4.9973e+00 -2.8171e+00 -2.4679e+00 +4.0333e+00 -1.9502e+00 -4.1711e+00 -7.3179e-01 -1.5111e-01 -1.6838e-01 +3.1363e+00 +8.5760e-01 +1.7886e+00 +2.6170e+00 +1.0929e+00 +3.1915e+00
50 +1.854287650e+05 +1.854287650e+05 +1.852566950e+05 +1.852566950e+05 +4.1127e+00 +4.8061e+00 +4.0106e+00 +2.2342e+00 +5.1332e-01 -2.4539e+00 +3.2615e+00 -1.7412e+00 +1.9398e+00 -3.0950e+00 -1.5482e+00 -1.4256e+00 -4.2835e+00 +1.0523e+00 -2.7239e+00 +1.2881e+00 +2.2055e+00 +4.5850e+00 -1.8935e+00 +6.0229e-02
53 +1.731440066e+05 +1.731440066e+05 +1.729719366e+05 +1.729719366e+05 +3.6977e+00 +1.2846e+00 +2.0406e+00 -1.8224e+00 -3.4539e+00 +2.3028e+00 -3.2344e+00 +3.7034e+00 -5.2207e-01 -6.3352e-03 -2.9512e+00 +1.3976e-01 +2.2827e+00 -3.3499e+00 -5.7833e-01 -1.6244e+00 -3.5870e+00 +2.3962e+00 -1.1796e-01 -2.1660e+00
77 +1.562135744e+05 +1.562135744e+05 +1.560415044e+05 +1.560415044e+05 +2.2455e+00 -1.0226e+00 +2.8528e+00 -1.3688e+00 -2.4838e+00 +3.1800e+00 -1.5325e+00 +2.1573e+00 +1.3454e-01 -1.7864e+00 -3.7119e+00 +7.2157e-02 -1.5089e+00 -1.3904e+00 -9.8304e-01 -3.7445e+00 -8.7455e-01 -2.4836e+00 -2.8483e+00 +2.3264e+00
94 +6.682105118e+04 +6.682105118e+04 +6.664898118e+04 +6.664898118e+04 -4.7178e-01 -3.0763e+00 +7.5317e-01 -1.6918e+00 -9.0675e-01 +6.7689e-01 -1.5457e+00 -6.9520e-01 +2.7448e+00 -4.2517e+00 -4.4840e+00 -1.8872e+00 -3.7539e-01 -3.7958e+00 -1.8282e+00 -3.3564e+00 +7.6597e-01 -1.6535e-01 -7.0673e-01 -1.6451e+00
1174 +5.545616597e+04 +5.545616597e+04 +5.528409597e+04 +5.528409597e+04 +2.6449e+00 -1.4612e+00 +4.3926e+00 -7.3566e-01 +1.0775e+00 -3.5394e+00 -1.1045e+00 -9.1006e-01 -2.4148e+00 -1.0998e+00 -1.1118e-01 -1.0764e+00 -1.8931e+00 +3.1211e+00 -4.2961e+00 +8.8849e-01 -1.7184e+00 +1.1333e+00 -8.6343e-01 +1.1354e+00
1847 +1.560610861e+04 +1.560610861e+04 +1.543403861e+04 +1.543403861e+04 -2.3724e-01 +8.9479e-01 +3.3515e+00 -9.8938e-01 +1.0273e-01 +6.7522e-02 -3.6919e-01 -2.4779e+00 -1.1505e+00 -4.5564e+00 -4.9543e+00 -2.3734e+00 +1.0047e+00 +1.2988e-01 +2.3944e-01 +1.0534e+00 -1.8720e-01 +3.4049e+00 -1.6218e+00 +4.5641e+00
447659 +1.499809994e+04 +1.499809994e+04 +1.482602994e+04 +1.482602994e+04 -5.4844e-01 +5.3843e-02 +3.3873e+00 -4.4538e+00 +1.6614e-01 -6.0976e-01 +4.1561e+00 -8.4450e-01 +3.8352e-02 -3.2384e+00 -2.4510e+00 -1.9630e+00 +5.1486e-01 +1.6020e-01 -1.5670e+00 -1.2742e+00 -2.3947e+00 +3.0090e+00 -1.1028e-01 +1.6192e+00
2829182 +1.137993624e+04 +1.137993624e+04 +1.120786624e+04 +1.120786624e+04 +5.9447e-01 -3.9999e-01 +3.0882e+00 -1.5335e+00 -7.1277e-01 +4.5625e-02 +3.8670e+00 +6.8495e-01 +1.3129e+00 -3.5317e+00 -1.7383e+00 -3.5609e+00 -1.1378e+00 +2.8585e-02 -3.0621e+00 +1.5959e-01 -2.1411e+00 +2.9495e+00 -4.9857e+00 +3.8521e+00
9079339 +9.548060919e+03 +9.548060919e+03 +9.375990919e+03 +9.375990919e+03 +1.9115e+00 -3.1132e+00 +2.3212e+00 -3.2244e+00 +5.6413e-01 -9.2241e-01 +1.3309e+00 -3.7810e-01 +2.4776e-01 -4.5029e+00 -3.8358e+00 -4.9206e+00 -1.6085e-01 -9.8738e-01 -2.3024e+00 +2.4157e-01 +2.4878e-01 +3.5341e+00 -3.4217e+00 +2.9765e+00
17478630 +8.021400169e+03 +8.021400169e+03 +7.849330169e+03 +7.849330169e+03 +1.4767e+00 -1.4874e+00 +3.5857e+00 -1.5854e+00 -2.0816e+00 +4.3381e-01 +6.1060e-01 +5.5407e-01 +1.0340e+00 -3.2629e+00 -3.9403e+00 -2.7453e+00 +2.9816e-01 -6.3213e-01 -1.4210e+00 -1.9972e+00 -5.6235e-01 +1.7520e-01 -3.1400e+00 -2.3849e+00
43183130 +6.636139293e+03 +6.636139293e+03 +6.464069293e+03 +6.464069293e+03 -8.1522e-01 -2.3139e-01 +3.2882e+00 -1.4188e+00 +6.0146e-01 -1.7990e+00 +9.7835e-01 +1.6482e+00 -3.9311e-01 -3.6659e+00 -2.6403e+00 -3.8235e+00 +4.6479e-01 +2.2364e-01 -1.5321e+00 +4.7841e-02 -2.8375e+00 +2.3782e+00 -2.2400e+00 -1.3383e+00
85960790 +3.835879370e+03 +3.835879370e+03 +3.663809370e+03 +3.663809370e+03 +1.1132e+00 +4.3267e-01 +3.6457e+00 -1.5222e+00 +1.1057e+00 -4.0723e-01 +2.8989e+00 +3.1857e-01 -1.2794e+00 -4.2296e+00 -3.9224e+00 -1.6616e+00 -3.7189e-01 -7.9229e-01 -2.1560e+00 -1.9094e+00 -2.0101e+00 +3.5291e+00 -1.3123e+00 -1.4905e+00
