% function evaluation | noise-free fitness - Fopt (-5.465000000000e+02) | best noise-free fitness - Fopt | measured fitness | best measured fitness | x1 | x2...
1 +1.663621946e+05 +1.663621946e+05 +1.658156946e+05 +1.658156946e+05 -7.6124e-01 -4.7221e+00 +5.0244e-01 +4.2838e+00 +2.8635e+00 -4.9100e+00 +4.6459e-01 +4.3555e+00 +1.3017e+00 -4.6522e+00 +1.8466e+00 +4.0116e+00 +2.0806e+00 -4.1092e+00 +1.7488e+00 -2.3233e+00 +1.7080e+00 +4.4101e+00 -4.1576e+00 +4.5972e+00
5 +1.582444483e+05 +1.582444483e+05 +1.576979483e+05 +1.576979483e+05 +4.9097e+00 +1.1149e+00 -3.8374e-01 +1.5799e+00 +3.0933e+00 -1.8857e+00 +2.5222e+00 -2.6836e+00 -3.3852e+00 +3.2364e+00 -2.3058e+00 -3.7377e+00 -1.6864e+00 -3.2162e+00 +2.4174e+00 +3.4271e+00 -1.1906e+00 +7.4700e-01 -3.8858e+00 +4.0702e+00
7 +9.913158460e+04 +9.913158460e+04 +9.858508460e+04 +9.858508460e+04 +4.7947e-01 +3.9411e+00 -3.8290e-01 -3.2817e+00 -2.3796e+00 +1.6137e+00 +3.7440e+00 +2.3496e+00 +7.0044e-01 +4.8193e+00 +8.5332e-01 -4.8016e+00 +3.7625e+00 +1.1846e+00 -2.6451e+00 -1.1103e+00 -4.8823e-01 +9.1538e-01 -3.5209e+00 +6.1354e-01
9 +6.294977399e+04 +6.294977399e+04 +6.240327399e+04 +6.240327399e+04 +4.8021e+00 +1.7134e+00 +4.8675e+00 +2.6014e+00 +4.2473e+00 -7.2818e-01 +1.1275e-01 +3.1941e+00 -1.5743e-01 -4.5225e+00 +4.8969e+00 +3.9914e+00 +2.2677e+00 -4.6301e+00 -1.1274e+00 -2.0171e+00 +9.0994e-01 -1.5703e+00 +2.9863e-01 -2.3203e-01
16 +5.949003830e+04 +5.949003830e+04 +5.894353830e+04 +5.894353830e+04 +1.2245e+00 -3.6101e+00 +2.4414e+00 -3.1320e+00 +1.8728e+00 +1.2388e+00 -4.2466e+00 +3.8957e+00 +3.4401e-01 +4.3266e+00 +2.6944e+00 -2.5684e+00 +4.3315e+00 -4.0957e+00 +1.1139e+00 -1.4069e+00 -1.3374e+00 +1.1271e+00 -3.5375e+00 +4.6361e-01
30 +4.767461569e+04 +4.767461569e+04 +4.712811569e+04 +4.712811569e+04 -4.3894e+00 +8.2247e-01 +4.9687e+00 -2.4032e+00 -2.6348e+00 +3.6178e+00 -1.6989e-01 +3.3955e+00 +1.6025e+00 +3.3118e+00 -4.2415e+00 -3.3522e-01 -1.1144e+00 -4.2649e+00 +1.5141e+00 +5.1288e-01 +6.2593e-01 -2.4727e+00 -6.8954e-01 +3.4010e+00
83 +2.045750422e+04 +2.045750422e+04 +1.991100422e+04 +1.991100422e+04 -1.8892e+00 -3.9599e+00 -8.1271e-01 -2.2136e+00 -4.9362e+00 -3.1274e+00 -3.1898e+00 +2.6803e+00 -1.0748e+00 +6.6920e-01 +3.1412e+00 +2.7813e+00 -3.2568e-01 +1.0852e+00 +2.0560e+00 -2.8186e+00 +8.6644e-01 -3.4910e+00 -1.8838e+00 +9.0702e-01
513 +1.295445651e+04 +1.295445651e+04 +1.240795651e+04 +1.240795651e+04 +2.0303e+00 -6.7883e-01 +4.5847e+00 -3.8017e-01 +6.2534e-01 +2.1732e+00 +7.3771e-01 +2.8084e+00 +1.4815e+00 -1.4249e+00 +1.6962e-01 +7.8945e-01 +2.6115e+00 +2.0679e-03 -9.7325e-02 -2.4370e+00 +1.7241e+00 -6.2445e-01 +2.5314e-01 +2.4361e+00
7195 +1.245224013e+04 +1.245224013e+04 +1.190574013e+04 +1.190574013e+04 -2.5470e+00 -6.2057e-01 +1.9472e+00 +3.3907e+00 +3.0440e+00 -3.8528e+00 -2.2741e+00 +9.0328e-01 -1.9086e+00 -9.6559e-01 +2.7823e+00 -2.0407e-01 +1.7685e+00 -3.5705e-01 +6.7696e-01 -6.9678e-01 +4.1911e+00 -1.5663e+00 -6.7610e-02 +1.2707e+00
13496 +7.054641262e+03 +7.054641262e+03 +6.508141262e+03 +6.508141262e+03 -2.3594e+00 -4.0072e+00 -1.0493e+00 +2.1662e+00 -7.1527e-01 -3.9734e+00 -1.8070e+00 +2.2858e+00 +4.9192e-01 -6.7705e-01 -3.3051e-01 +3.6205e+00 +1.7501e+00 -1.2937e+00 +2.8556e+00 -2.0545e+00 +2.3826e+00 -6.9657e-01 -4.3002e-01 +5.7908e-01
17634 +6.342239621e+03 +6.342239621e+03 +5.795739621e+03 +5.795739621e+03 +8.4428e-01 +3.1567e+00 -2.9812e+00 -2.6630e+00 -2.5646e+00 -2.5810e-01 +9.0445e-01 +3.2110e+00 -9.7252e-02 +6.4541e-01 -5.5575e-01 +3.1997e+00 +1.2275e+00 -2.3409e+00 +9.2144e-01 -1.6499e+00 +1.3469e+00 +2.4876e-01 -3.6610e+00 +1.1606e+00
147469 +2.531971922e+03 +2.531971922e+03 +1.985471922e+03 +1.985471922e+03 +3.0280e-01 +2.2999e+00 +2.4162e+00 -2.0473e+00 -2.4301e+00 -2.0877e+00 -1.0482e+00 +1.1572e+00 -5.2530e-01 +1.7669e+00 -6.3357e-01 -2.3830e-01 +2.4897e-01 -1.4700e+00 +2.6870e+00 -2.7365e+00 +1.1861e+00 -1.5543e+00 -1.0240e+00 +1.9957e+00
8221400 +2.329961084e+03 +2.329961084e+03 +1.783461084e+03 +1.783461084e+03 -4.0490e-01 +3.4155e+00 -6.7846e-01 -3.5564e+00 -3.6001e+00 -2.8708e+00 -5.2277e-01 +1.2661e-01 +2.3769e-02 -1.0370e-01 +2.2251e+00 +2.4451e+00 -4.6323e-01 -1.4007e+00 +3.4650e-01 -2.5463e+00 +1.1291e+00 -1.8029e+00 -6.4214e-01 +2.1439e+00
13414806 +1.974292916e+03 +1.974292916e+03 +1.427792916e+03 +1.427792916e+03 +3.2997e+00 -5.5135e-01 +2.0909e+00 +2.3049e+00 +4.4030e+00 -5.0957e-02 -2.1086e+00 +1.9102e+00 -1.5128e+00 +2.3342e+00 +2.5985e+00 +3.0492e-01 +2.2895e+00 -1.0856e+00 +2.7976e+00 +1.3273e-01 +1.3816e+00 -2.1375e-01 -9.4880e-01 +2.2709e+00
22328181 +1.484832130e+03 +1.484832130e+03 +9.383321305e+02 +9.383321305e+02 +1.3082e+00 +3.1096e-01 +3.6251e+00 +7.2140e-01 +3.8224e+00 -2.8621e+00 -6.9278e-01 +2.9820e+00 +2.0032e-01 +4.5551e-01 +6.0419e-01 +1.3409e+00 +2.6982e+00 +3.2383e-01 +1.5564e+00 -1.4466e+00 +6.8848e-01 -2.7782e+00 -3.7524e-01 +1.1568e+00
24838045 +8.130532505e+02 +8.130532505e+02 +2.665532505e+02 +2.665532505e+02 +3.0728e+00 +3.5584e+00 +1.7953e+00 -5.0347e-01 +1.7824e+00 -2.8176e+00 +1.5589e+00 +1.7369e+00 -7.2639e-01 +1.2037e+00 +1.7144e+00 -4.9739e-01 +2.1909e+00 -6.2870e-01 +2.1501e+00 -2.1685e+00 +5.5648e-01 -1.5866e+00 -4.9863e-01 +8.1063e-01
63758824 +4.185806534e+02 +4.185806534e+02 -1.279193466e+02 -1.279193466e+02 +2.7821e+00 +2.3944e+00 +6.8325e-01 -7.1786e-01 +2.8635e+00 -2.4273e+00 -7.7750e-01 +8.5318e-01 +6.1994e-01 +5.3812e-01 +1.6164e+00 +1.0718e+00 +6.2967e-01 -3.0176e+00 +1.2595e+00 -2.5859e+00 +1.4450e+00 -8.8563e-01 -8.5834e-01 +2.5928e+00
% function evaluation | noise-free fitness - Fopt (1.000000000000e+03) | best noise-free fitness - Fopt | measured fitness | best measured fitness | x1 | x2...
1 +3.843660841e+05 +3.843660841e+05 +3.853660841e+05 +3.853660841e+05 +2.4187e-03 +1.0084e+00 -3.2263e+00 +3.0453e+00 +2.4819e+00 -4.2266e+00 -1.7857e+00 -1.6950e+00 +9.9882e-01 +2.4102e+00 +4.3096e+00 -2.7616e+00 +2.0542e+00 +1.0209e+00 +3.0653e+00 +4.8255e+00 +3.9480e+00 +2.7204e+00 -9.9599e-01 +3.3554e+00
2 +1.104542620e+05 +1.104542620e+05 +1.114542620e+05 +1.114542620e+05 -1.8221e+00 -3.6217e+00 -4.0022e+00 -4.4328e+00 +6.3521e-01 +3.0188e+00 -3.0618e+00 -1.5479e+00 +3.9727e+00 -4.7227e+00 +5.8280e-01 -4.2650e+00 -1.1750e+00 +1.7664e+00 -1.5222e+00 -3.2318e+00 +1.0887e+00 +3.2015e+00 -1.7617e+00 -6.5751e-01
16 +9.576765550e+04 +9.576765550e+04 +9.676765550e+04 +9.676765550e+04 -4.3764e+00 -3.8388e+00 -8.4661e-01 +3.3279e+00 -4.1017e+00 +3.1589e+00 -4.9884e+00 -3.2387e+00 -2.6982e+00 +2.9194e-01 -2.4552e-01 +1.9842e+00 -5.7381e-01 -4.0239e+00 -4.8561e+00 +8.2637e-01 -2.4004e+00 +1.7969e+00 +7.8514e-01 -5.9264e-01
26 +7.350120904e+04 +7.350120904e+04 +7.450120904e+04 +7.450120904e+04 -4.2510e+00 -4.4975e-01 +4.7600e+00 +4.5804e-01 +3.1457e+00 -4.4415e-01 +1.4314e+00 +1.9695e+00 +1.4412e+00 -1.8944e+00 +8.1068e-01 +8.2611e-02 +3.5407e+00 +7.4503e-01 -3.7237e+00 +8.6707e-01 -1.9128e+00 +1.3490e+00 +3.6088e-01 +2.1600e+00
60 +3.164891800e+04 +3.164891800e+04 +3.264891800e+04 +3.264891800e+04 -4.0438e+00 +1.4629e+00 +3.1894e+00 -3.3462e+00 +2.5920e+00 -4.1979e+00 -1.3633e+00 -2.9449e+00 -3.0109e+00 +1.7998e+00 -4.4615e+00 +2.1032e+00 -3.1763e-01 +4.9497e-01 +4.4854e-01 -3.3382e+00 -1.1627e+00 -2.3341e+00 -1.5385e+00 +3.0372e-01
322 +3.119986667e+04 +3.119986667e+04 +3.219986667e+04 +3.219986667e+04 +3.9456e+00 +4.3570e+00 -4.3324e+00 -3.2718e+00 -3.8658e+00 +3.4670e+00 -1.3486e+00 +4.1485e+00 -3.3125e+00 -1.1111e+00 +7.3178e-01 -3.8696e+00 +6.1073e-01 -1.1238e+00 -2.2897e-01 -3.5165e+00 +3.8864e-01 -4.6549e+00 -2.5336e-01 +3.7262e+00
496 +1.399079934e+04 +1.399079934e+04 +1.499079934e+04 +1.499079934e+04 +1.5580e+00 -2.3721e-01 +3.4439e+00 -2.8221e+00 -3.2106e+00 +2.3326e+00 -1.9800e+00 +7.2987e-02 -3.2459e+00 +6.1288e-01 -4.0846e+00 -1.8511e+00 -3.1299e+00 -6.3355e-02 -3.8154e+00 -5.9001e-01 -3.6954e+00 -1.8966e+00 -2.0998e+00 -2.1021e-01
2398 +1.333242009e+04 +1.333242009e+04 +1.433242009e+04 +1.433242009e+04 -3.5863e+00 -9.2821e-01 -1.2623e+00 +3.5340e+00 -4.8798e+00 -4.0127e+00 -4.6648e+00 +4.3629e-01 -1.4240e+00 -3.8646e+00 +1.9194e+00 -2.2484e+00 -3.3098e+00 -1.4224e+00 -8.3777e-01 -6.8814e-01 -1.4025e+00 -2.0752e+00 -1.5393e+00 +2.7897e+00
17676 +1.120411048e+04 +1.120411048e+04 +1.220411048e+04 +1.220411048e+04 +1.6660e+00 +3.9776e+00 -4.5107e+00 -2.4649e+00 +2.3272e+00 +3.7018e+00 +1.5602e+00 -1.7128e-02 +9.7942e-01 -4.1944e+00 +2.6380e-01 +2.8374e-01 -7.8649e-01 -3.9006e+00 +3.0560e-01 -2.9989e+00 +5.5561e-01 -2.9619e+00 -1.2040e+00 +1.0134e+00
46436 +5.617525573e+03 +5.617525573e+03 +6.617525573e+03 +6.617525573e+03 +2.0798e+00 +4.9095e+00 +2.2418e+00 +4.4690e-03 +1.4130e+00 -1.3463e+00 +2.2008e-02 +1.7999e+00 -1.1865e+00 +3.4771e-01 +1.9573e-01 -7.9876e-01 -2.1720e+00 -2.4106e-01 -2.5367e+00 -9.8255e-01 -3.2393e+00 -4.7176e-03 -2.7686e-01 +2.3421e+00
426272 +4.283284713e+03 +4.283284713e+03 +5.283284713e+03 +5.283284713e+03 -2.7115e+00 +3.6292e+00 -8.0341e-01 -2.2596e+00 -1.4998e+00 -1.4861e+00 -3.2492e+00 -1.1906e-01 -2.1265e+00 -2.6281e+00 -2.5243e+00 +8.3108e-01 -1.4392e+00 +2.7867e-01 -2.9138e+00 -2.7077e+00 -2.7833e+00 -1.0972e-01 -1.4896e+00 +1.4468e+00
529654 +7.763394539e+02 +7.763394539e+02 +1.776339454e+03 +1.776339454e+03 -5.1567e-01 +4.0045e+00 -1.2843e+00 +1.2284e+00 +4.3853e-01 -5.8275e-01 -1.5088e-01 +1.3150e+00 +2.0891e-01 -2.8390e+00 -1.7027e+00 -1.5996e-01 -1.2635e+00 -5.6370e-01 -1.6162e+00 -1.5647e+00 -1.0683e+00 -8.0320e-01 -2.7950e+00 +4.4420e-01
68280514 +7.305865329e+02 +7.305865329e+02 +1.730586533e+03 +1.730586533e+03 +1.7997e+00 +2.7584e+00 +1.4305e+00 -2.1274e-01 -1.3323e+00 -8.9305e-01 +6.7989e-01 +4.8304e-01 -6.9108e-01 +8.5457e-01 -2.4640e+00 -2.3277e+00 +4.4431e-01 -2.6164e+00 -4.6083e-01 -1.0315e+00 -2.4804e+00 -1.9273e+00 -1.0284e+00 +1.9363e+00
100345101 +4.070290298e+02 +4.070290298e+02 +1.407029030e+03 +1.407029030e+03 +2.9158e+00 +1.5480e+00 -4.3962e-01 +1.2450e+00 -3.5374e+00 -1.6251e+00 -2.2177e+00 +3.3882e-01 -4.7013e-01 -4.6832e-01 -1.6204e+00 -9.4186e-01 -2.2329e+00 -2.1576e+00 -1.2616e+00 -1.2233e-01 -1.3810e+00 -1.9961e+00 -1.9968e+00 +1.0336e+00
% function evaluation | noise-free fitness - Fopt (2.083800000000e+02) | best noise-free fitness - Fopt | measured fitness | best measured fitness | x1 | x2...
1 +1.851760342e+05 +1.851760342e+05 +1.853844142e+05 +1.853844142e+05 -2.3823e+00 +4.6397e+00 -6.7111e-02 -3.8878e+00 +1.6605e+00 -3.4787e+00 -3.5173e+00 -3.3066e+00 +4.7357e+00 +4.5800e+00 -3.0812e+00 -4.7407e+00 -2.0522e+00 -2.7058e+00 +4.7960e+00 +3.1292e+00 +8.4403e-01 +1.4090e+00 -1.3181e+00 +4.7934e+00
2 +1.342673475e+05 +1.342673475e+05 +1.344757275e+05 +1.344757275e+05 +9.4350e-01 +3.8898e+00 +4.5044e-01 +1.6235e+00 -2.9087e+00 -2.2433e+00 -1.7214e+00 +1.5286e+00 -1.0701e+00 +3.3429e+00 -2.0336e+00 -3.6538e+00 +3.3368e+00 -4.6218e+00 +7.0326e-01 -1.9805e+00 +1.9702e-01 -2.7586e+00 +2.7359e+00 +3.7950e+00
3 +1.202418819e+05 +1.202418819e+05 +1.204502619e+05 +1.204502619e+05 -3.9816e+00 +2.0437e+00 -2.2789e+00 -4.2470e+00 +1.8467e+00 +3.0902e+00 +4.2479e+00 +3.1601e+00 +4.1093e+00 +4.2984e-01 +2.5471e+00 -2.9769e-01 +2.0106e+00 -2.7268e+00 -2.8741e+00 +2.6734e+00 +3.7679e+00 +4.2597e+00 -6.0741e-01 +3.0149e-01
6 +7.355734408e+04 +7.355734408e+04 +7.376572408e+04 +7.376572408e+04 -3.3068e+00 -4.5237e-01 -2.6897e-01 -2.0439e-01 -4.7342e-01 +2.9562e+00 -3.1621e-01 +4.8702e+00 -7.1041e-01 -2.5203e+00 -1.1262e+00 +4.4323e+00 -4.1274e+00 -4.9827e+00 +3.3007e+00 -7.3870e-01 +1.9072e+00 +3.1484e+00 +3.7099e+00 -1.0601e+00
8 +6.936494252e+04 +6.936494252e+04 +6.957332252e+04 +6.957332252e+04 +1.6374e+00 +1.9854e+00 +1.2958e+00 -4.7428e+00 -1.7941e+00 +8.3918e-01 -3.8204e+00 +4.0324e+00 -6.5957e-01 -2.3263e+00 -3.3891e+00 +4.7454e+00 -3.1642e+00 +3.7702e-01 +8.5167e-01 -4.3472e-01 -4.6094e-01 +2.3771e+00 +2.3176e+00 +4.1254e+00
65 +6.331339139e+04 +6.331339139e+04 +6.352177139e+04 +6.352177139e+04 +5.1712e-01 +2.1154e+00 +3.5044e-01 -4.3852e+00 +2.5005e+00 -4.5129e+00 +4.6473e+00 +1.3084e+00 -4.1108e+00 +1.8782e+00 -2.6814e+00 +2.3999e+00 +1.2653e+00 +1.6341e+00 +1.8129e-01 -9.1597e-01 +2.5768e+00 +4.9424e+00 +6.5853e-01 +1.4291e+00
116 +4.510021950e+04 +4.510021950e+04 +4.530859950e+04 +4.530859950e+04 +3.6202e+00 -4.2169e+00 -1.1782e+00 +1.5952e+00 +2.2933e+00 +7.3283e-01 -1.7583e+00 -1.2891e+00 -5.8041e-01 -1.8565e+00 +1.2835e+00 +3.7026e-01 -1.3301e+00 -3.2331e+00 +5.9618e-01 -2.9170e+00 +1.1769e+00 +3.6756e+00 -2.0751e+00 +1.4719e-01
155 +3.140054718e+04 +3.140054718e+04 +3.160892718e+04 +3.160892718e+04 -1.2877e+00 +3.5738e+00 -4.1314e+00 +3.3051e+00 +1.1055e+00 +3.6898e+00 -7.3890e-01 +2.3648e+00 +1.5759e+00 +7.9668e-01 +4.3232e+00 -2.4450e+00 +1.4163e+00 -4.4396e+00 +1.8886e+00 -3.4615e+00 +1.3416e+00 +2.4426e+00 -5.3052e-01 +1.7180e+00
615 +2.883977673e+04 +2.883977673e+04 +2.904815673e+04 +2.904815673e+04 -1.6046e-01 +3.0684e+00 -3.3852e+00 -2.2440e+00 -4.3312e+00 +9.3019e-01 +1.4199e+00 +5.8616e-01 -2.4705e+00 +1.4866e+00 +2.9142e+00 +7.3530e-01 -3.3021e+00 -3.0232e+00 +1.8179e+00 +2.3871e-01 +1.2044e+00 +4.2808e-01 -8.7019e-01 +1.9281e+00
1109 +1.701837151e+04 +1.701837151e+04 +1.722675151e+04 +1.722675151e+04 -2.2713e+00 +1.9917e+00 +2.9728e+00 -1.4065e+00 +3.0805e+00 +1.8031e+00 +4.0880e+00 +8.5830e-01 -2.3449e+00 +2.2967e+00 +4.6719e+00 +2.2894e+00 -1.4512e+00 +8.7684e-01 +1.3331e+00 -1.3539e+00 +3.1653e+00 -4.5515e-01 +1.6367e+00 +1.6529e-01
5361 +1.602638090e+04 +1.602638090e+04 +1.623476090e+04 +1.623476090e+04 -2.1034e+00 +3.6647e+00 +9.7704e-02 +1.0931e+00 +3.2023e-01 -2.4815e+00 +4.7546e+00 -8.1619e-01 +1.8455e+00 +2.1295e+00 -3.2885e-01 +2.3760e+00 -1.1265e+00 -2.6661e+00 +1.4847e+00 -1.5389e+00 +3.2314e+00 +3.3414e+00 +1.8425e+00 +3.0625e-01
11743 +1.580881936e+04 +1.580881936e+04 +1.601719936e+04 +1.601719936e+04 +1.7701e+00 +2.3990e+00 +3.4717e+00 -1.6278e-01 +4.0742e+00 -1.7280e-01 +4.7955e+00 +2.6505e+00 +2.5314e+00 +2.6524e+00 -7.0804e-01 +5.4383e-01 -3.5062e+00 +1.4141e+00 +1.0309e-01 -1.9210e+00 +1.5888e+00 +1.9584e+00 +1.6815e+00 -5.1213e-02
21764 +1.301712746e+04 +1.301712746e+04 +1.322550746e+04 +1.322550746e+04 +1.1517e+00 +4.7798e+00 +1.2214e+00 +3.1497e+00 -5.2946e-01 +3.1883e+00 -2.4090e+00 +2.7519e+00 -3.3437e+00 -1.2038e+00 +3.4304e+00 +5.3435e-01 +1.2864e-01 +6.2050e-01 +1.7209e+00 -6.7433e-01 +6.3630e-03 +4.4193e-01 -8.5404e-02 +1.4604e+00
57172 +5.555481261e+03 +5.555481261e+03 +5.763861261e+03 +5.763861261e+03 +8.9066e-01 -2.1560e+00 +4.4191e+00 -3.7050e-01 -1.4525e+00 +2.5098e+00 +2.7556e+00 -8.0882e-01 +3.5342e-01 +3.8449e+00 -1.1306e+00 +2.3772e+00 -8.2164e-01 -7.7464e-01 +2.8542e-01 -1.9057e+00 +3.1412e+00 -4.4747e-01 +2.2090e+00 +2.1599e+00
134818 +4.439412933e+03 +4.439412933e+03 +4.647792933e+03 +4.647792933e+03 -1.5447e+00 +1.3607e+00 -1.2259e+00 +2.1755e+00 -2.4566e+00 +1.5865e+00 +3.4108e+00 +1.4115e+00 -1.6432e+00 +2.8914e+00 -4.1553e-01 +5.8654e-03 -1.4028e+00 -2.1886e+00 +1.4932e-01 -8.4657e-01 -1.9768e-01 +5.7887e-01 +2.2103e+00 +1.1987e+00
1290597 +4.164592438e+03 +4.164592438e+03 +4.372972438e+03 +4.372972438e+03 +2.7598e+00 -8.4008e-01 +2.4591e+00 +1.0943e+00 -4.3812e-01 +2.6037e+00 -2.4388e-01 +2.3825e-01 +1.2565e+00 +2.4925e+00 +2.6395e+00 +1.9849e+00 +2.3555e-01 -1.8164e+00 +2.3345e+00 -2.9141e+00 +2.4171e+00 +1.6962e+00 +7.1781e-02 +1.3334e+00
2237089 +3.940342072e+03 +3.940342072e+03 +4.148722072e+03 +4.148722072e+03 +3.6209e+00 +8.4606e-01 +3.5191e+00 -4.5463e-01 +2.2675e+00 +2.5624e+00 +3.7555e-01 +3.3013e+00 +1.9943e+00 +3.4462e+00 -1.0820e-01 +2.9907e+00 -1.2833e+00 -2.9616e+00 +1.9913e+00 -6.7628e-01 +2.7196e-01 +2.6120e+00 -6.8785e-02 +2.5115e+00
2602317 +2.039194365e+03 +2.039194365e+03 +2.247574365e+03 +2.247574365e+03 -8.4379e-01 +9.2078e-01 -2.0590e+00 -1.1074e+00 +2.5408e+00 -6.2442e-01 +1.9836e+00 +2.8128e+00 +1.3050e-01 +4.0823e+00 +1.5169e+00 +7.8165e-01 -4.0877e-01 -2.7693e+00 +1.7502e+00 -7.6553e-01 +9.3089e-01 +2.5409e+00 +1.5023e+00 +2.4197e+00
2922753 +1.452816971e+03 +1.452816971e+03 +1.661196971e+03 +1.661196971e+03 +1.1194e-01 +3.6516e+00 -3.0666e+00 -9.1000e-01 +2.8039e+00 +1.0552e+00 +2.9104e+00 +1.4024e+00 +3.7123e-01 +2.7122e-01 -1.4612e-01 +3.1739e+00 -1.6100e+00 -2.2788e+00 +1.1526e+00 -1.3187e+00 +2.6127e-01 +1.2458e+00 +1.2525e+00 +2.7605e+00
122516971 +1.250408129e+03 +1.250408129e+03 +1.458788129e+03 +1.458788129e+03 +3.5634e+00 -3.2884e-01 +3.6625e+00 -4.5924e-01 +2.7235e+00 +2.4131e+00 +2.5593e+00 +4.5073e-01 -4.5414e-01 +3.1811e+00 +7.7117e-01 +1.2362e+00 -6.6292e-01 -5.7358e-02 +9.7291e-01 -3.6586e-01 +1.7687e+00 +2.0212e+00 +4.5777e-01 +2.3823e+00
% function evaluation | noise-free fitness - Fopt (-1.449600000000e+02) | best noise-free fitness - Fopt | measured fitness | best measured fitness | x1 | x2...
1 +2.182789497e+05 +2.182789497e+05 +2.181339897e+05 +2.181339897e+05 -4.5131e-01 -3.6329e+00 -1.6087e+00 +4.9851e+00 -3.0094e+00 -3.6955e+00 -9.9637e-01 +3.5845e+00 +5.3963e-01 -1.5442e+00 +1.5964e+00 -3.2864e+00 -3.6462e+00 -3.7698e-01 +5.2994e-01 -2.1741e+00 -3.0036e+00 +4.0780e+00 -2.1096e+00 -1.2569e+00
2 +9.116403792e+04 +9.116403792e+04 +9.101907792e+04 +9.101907792e+04 -1.6153e+00 -3.5665e+00 -1.5466e+00 -1.6133e+00 -3.2959e+00 +2.8536e-01 +4.8972e+00 +2.6932e+00 -4.9937e+00 +4.2463e+00 +8.8198e-01 +4.5282e+00 +4.6016e+00 -6.9563e-01 +1.1550e+00 +3.6010e+00 -3.2473e+00 -3.2980e+00 +3.6488e+00 +1.6512e+00
13 +3.611773185e+04 +3.611773185e+04 +3.597277185e+04 +3.597277185e+04 -2.6581e+00 -6.1352e-02 -4.9112e+00 -2.9680e+00 +4.6718e+00 +2.3866e+00 -3.8922e+00 +3.6356e+00 +3.4104e+00 +1.0232e+00 +4.6241e+00 -1.4544e+00 +2.6128e+00 -8.1018e-01 +1.7922e+00 +2.6350e+00 -4.8713e-01 -1.1072e+00 +2.3436e+00 -3.7572e+00
205 +2.649542778e+04 +2.649542778e+04 +2.635046778e+04 +2.635046778e+04 -2.9186e+00 +3.8466e+00 +3.0903e+00 -7.1523e-01 +8.1058e-01 +3.9171e+00 -4.5573e-01 -3.2809e-01 +1.4120e+00 +2.5509e+00 -3.8994e+00 +9.3968e-01 -3.3963e-01 +1.3999e+00 +6.2672e-01 +8.9201e-02 -2.8241e-01 -6.3942e-02 +1.5480e+00 -2.1713e+00
2302 +2.499309272e+04 +2.499309272e+04 +2.484813272e+04 +2.484813272e+04 -1.7573e+00 +1.5053e+00 +1.9489e+00 -4.9883e+00 +3.0032e+00 +3.1791e+00 +2.0783e-01 +3.2568e+00 -3.4322e+00 +2.9733e+00 -9.1351e-01 +3.6654e-01 +2.7826e+00 -2.5013e+00 +4.5927e+00 -4.5195e-02 -2.1962e+00 -1.5033e+00 +1.0877e+00 +3.1382e-01
4020 +1.780709615e+04 +1.780709615e+04 +1.766213615e+04 +1.766213615e+04 +4.7077e+00 +1.1356e+00 +1.3810e+00 +2.8121e+00 +5.4536e-02 +8.4180e-01 -3.9863e+00 +3.5988e-01 +1.7715e-01 +1.3280e+00 -9.8395e-01 +7.7486e-01 +1.1596e+00 +3.8407e+00 +6.1396e-01 +2.0018e+00 -1.1764e+00 -7.3016e-01 +2.7013e+00 +9.0405e-01
4334 +1.306668666e+04 +1.306668666e+04 +1.292172666e+04 +1.292172666e+04 -3.3314e+00 -4.9202e+00 -1.0760e+00 -1.2189e+00 -3.0102e+00 +2.2029e+00 -9.4717e-01 +4.7172e+00 -1.1071e+00 +2.9026e+00 +2.6423e+00 +1.7466e+00 +3.5234e+00 -1.0333e+00 +7.6702e-01 +8.5689e-01 -1.7786e+00 -1.0302e-01 +3.2746e+00 -1.2617e+00
19963 +1.196607807e+04 +1.196607807e+04 +1.182111807e+04 +1.182111807e+04 -2.2854e+00 +4.0964e+00 -1.4487e+00 -9.8107e-01 -3.0118e+00 -1.6237e+00 +8.1093e-01 -8.1737e-01 +3.6215e-01 +1.3818e+00 +3.3452e+00 -1.9369e-02 +2.5280e+00 +2.9256e+00 +3.3917e+00 +6.5350e-01 -2.5077e+00 -1.7434e+00 +1.6271e+00 -3.3075e+00
51251 +7.774307476e+03 +7.774307476e+03 +7.629347476e+03 +7.629347476e+03 -2.2997e+00 +1.5420e+00 +1.0058e+00 -1.0389e+00 +1.2979e+00 +2.2254e+00 +1.2037e+00 +1.4248e+00 -7.6306e-01 -1.5187e+00 +1.4232e+00 -2.8174e-01 +2.5073e+00 -1.0452e+00 +1.5808e+00 +3.0995e+00 -1.1521e+00 -7.6109e-01 +7.2722e-01 -1.7999e-01
76618 +6.992776041e+03 +6.992776041e+03 +6.847816041e+03 +6.847816041e+03 +2.1406e+00 +1.6817e+00 -3.8716e+00 -3.8420e+00 -2.7166e+00 +1.6871e+00 -2.0132e+00 -1.5455e+00 -2.1646e+00 -2.3742e+00 +3.2424e+00 +2.3784e+00 -1.6255e-03 +5.0668e-01 +1.8022e+00 +1.9910e+00 -1.9994e+00 -2.1938e+00 +1.9611e+00 -1.3528e+00
384784 +4.885455697e+03 +4.885455697e+03 +4.740495697e+03 +4.740495697e+03 +3.7404e+00 +7.7058e-01 +4.7165e-01 +1.3339e+00 -2.2174e+00 -2.4141e-01 -3.2995e+00 -2.2814e+00 -4.3665e+00 -5.0066e-01 +6.7271e-01 +2.1597e+00 +7.3158e-01 +9.7629e-01 -4.5635e-01 +5.1812e-01 -1.5287e+00 -9.1482e-01 +6.3821e-01 -1.6931e+00
721258 +2.766236235e+03 +2.766236235e+03 +2.621276235e+03 +2.621276235e+03 +1.0761e+00 -1.8477e+00 -1.7829e+00 -2.4655e-01 +2.4378e+00 +3.3022e+00 -1.3143e+00 -9.3795e-01 +4.4739e-01 +2.2729e+00 -1.8000e-01 +3.3830e+00 +1.8032e+00 +3.4680e-01 +3.9200e-01 +2.4574e+00 -9.2992e-02 -1.7141e+00 +2.0784e+00 -2.6456e+00
1472775 +2.394677784e+03 +2.394677784e+03 +2.249717784e+03 +2.249717784e+03 +2.0003e+00 +2.4675e-01 +2.0688e+00 -2.1770e+00 +1.1888e+00 +2.2457e+00 -2.1107e+00 +1.1485e+00 -1.3675e+00 +8.6460e-01 +2.1499e+00 +2.7248e+00 +4.3338e-01 +2.4800e+00 -1.8147e-01 +1.9025e-01 -4.5327e-01 -2.8231e+00 +2.3462e+00 -1.8147e+00
6259196 +1.929765944e+03 +1.929765944e+03 +1.784805944e+03 +1.784805944e+03 +3.2259e+00 +8.4975e-01 -3.2288e+00 +2.7921e+00 -2.6945e+00 +1.9389e+00 +2.0047e+00 +4.0719e+00 +1.4976e+00 +1.0765e+00 +2.3453e+00 +7.2477e-01 +7.7030e-02 +1.7585e+00 +2.3010e+00 +2.3848e+00 -1.3104e+00 -1.9692e+00 +1.8369e+00 -2.1873e+00
7582321 +6.667672524e+02 +6.667672524e+02 +5.218072524e+02 +5.218072524e+02 -2.6951e-01 -3.2800e+00 +3.0890e+00 -1.8878e+00 -1.4710e+00 +2.6072e+00 +1.5707e+00 -2.8302e-01 -2.7292e+00 -9.5895e-01 +2.4587e+00 +9.9089e-01 +1.6890e+00 +6.6646e-01 +1.9379e+00 +1.8906e+00 -3.3939e-01 -1.0744e+00 +2.4797e+00 -1.2723e+00
73430396 +5.588596261e+02 +5.588596261e+02 +4.138996261e+02 +4.138996261e+02 +3.4630e+00 -1.3761e+00 -2.3728e+00 +1.0366e+00 -1.6560e+00 +1.0841e+00 -2.9404e+00 +1.2499e+00 +3.3070e-02 +1.2567e+00 +1.5898e+00 -3.1114e-01 +1.5153e+00 +1.2773e+00 +1.7809e-01 +1.8766e+00 -6.5183e-01 -1.7478e+00 +2.2887e+00 -1.9467e+00
177625189 +2.981414078e+02 +2.981414078e+02 +1.531814078e+02 +1.531814078e+02 -1.1079e+00 -2.5417e+00 -5.7593e-02 -1.1660e+00 -2.5904e+00 -5.4544e-01 -3.5988e+00 -5.0881e-01 -2.6622e+00 -2.8280e-01 +2.5261e+00 +1.8391e+00 +9.8185e-01 +1.8094e+00 +1.7996e+00 +2.0068e-01 -2.4339e+00 -2.1004e+00 +8.6641e-01 -1.0486e+00
% function evaluation | noise-free fitness - Fopt (-6.300000000000e+00) | best noise-free fitness - Fopt | measured fitness | best measured fitness | x1 | x2...
1 +6.799472224e+04 +6.799472224e+04 +6.798842224e+04 +6.798842224e+04 +4.6909e+00 -2.8626e+00 +1.1707e+00 -4.6799e+00 +7.8260e-01 +4.5980e+00 -2.0784e+00 +2.2135e+00 +4.3268e+00 +7.9672e-01 +1.7616e+00 +3.0395e+00 -2.2279e-01 -3.4762e-01 -1.3563e+00 -1.8710e+00 -1.1514e+00 -1.6512e+00 -1.1509e+00 +1.0325e+00
39 +6.659294269e+04 +6.659294269e+04 +6.658664269e+04 +6.658664269e+04 +2.1544e+00 +2.1335e+00 -2.4511e+00 +3.1257e+00 -1.5861e+00 -4.0507e+00 -3.5584e+00 +1.6081e+00 -3.2854e+00 +2.2046e-01 -1.8739e+00 +1.8589e+00 +3.0555e+00 +7.8717e-01 +2.3828e+00 +2.9541e+00 -1.8467e+00 +8.4345e-01 -3.6197e+00 -2.7235e+00
43 +5.610476718e+04 +5.610476718e+04 +5.609846718e+04 +5.609846718e+04 +2.8561e+00 -4.1237e+00 +1.1999e+00 -1.3121e+00 +2.5721e-01 +9.3302e-01 +1.7981e+00 +1.5105e+00 +1.2880e+00 -3.6892e+00 -2.0833e+00 +2.8917e+00 +1.0214e+00 +2.5674e+00 +1.3210e+00 -1.7175e+00 -2.5706e+00 -1.3013e+00 -1.3187e+00 +1.1467e+00
68 +1.649555374e+04 +1.649555374e+04 +1.648925374e+04 +1.648925374e+04 +3.2446e+00 +3.4081e+00 +1.7824e+00 -1.6381e+00 -3.6756e+00 -2.7158e+00 -2.1764e+00 -1.7083e+00 +5.2524e-01 +7.6458e-01 -3.7684e+00 +3.5062e+00 +2.2159e+00 +1.8119e+00 -2.2242e+00 +5.2858e-01 -1.4180e+00 -1.0398e+00 -1.6762e+00 +7.5799e-02
2258 +1.023774584e+04 +1.023774584e+04 +1.023144584e+04 +1.023144584e+04 -4.2403e+00 -2.0551e+00 -3.5638e+00 -1.8184e+00 +1.1825e+00 -4.8301e+00 -6.0112e-01 -3.3965e+00 +9.1666e-01 -9.4612e-01 -3.1259e+00 +5.9004e-01 +4.2265e-02 +5.1879e-01 +7.5355e-01 +1.0334e+00 -2.3219e+00 +3.5170e-01 -2.3414e+00 -8.1817e-01
74866 +8.874368066e+03 +8.874368066e+03 +8.868068066e+03 +8.868068066e+03 +4.4960e+00 +2.3366e+00 -1.2921e+00 +4.2010e+00 +1.6279e+00 -2.7900e+00 -9.6033e-01 -2.3212e+00 +3.8118e-02 +4.4922e+00 -1.5895e+00 +2.0874e+00 -2.1596e+00 +1.5991e+00 -2.3384e+00 +2.7823e+00 -2.8232e+00 -1.7010e+00 -2.6427e+00 -1.2890e+00
132844 +6.170169182e+03 +6.170169182e+03 +6.163869182e+03 +6.163869182e+03 +3.4312e+00 -3.2138e+00 -1.2269e+00 +3.5382e+00 +3.9725e-01 +2.6839e+00 -6.8430e-01 +6.7905e-01 +7.5417e-01 +3.1154e+00 -2.0266e+00 -6.0343e-01 -2.1675e+00 +2.8201e+00 +1.5256e-01 +9.7087e-01 -2.6335e+00 -1.5411e-01 -1.2806e+00 -2.2678e+00
526637 +5.311928309e+03 +5.311928309e+03 +5.305628309e+03 +5.305628309e+03 -2.0222e+00 +1.9054e+00 +1.1667e+00 +2.0254e+00 -2.8449e+00 +1.3355e+00 +3.9233e+00 +2.9757e+00 +1.5347e-01 +1.2787e+00 -1.1712e+00 +2.2105e+00 -3.1195e+00 +1.7993e+00 -1.9858e-01 +2.0836e+00 -1.2322e+00 -1.9342e-01 -1.9714e+00 -1.5262e+00
701929 +2.911016576e+03 +2.911016576e+03 +2.904716576e+03 +2.904716576e+03 -5.7465e-01 -1.4001e+00 -2.0570e+00 +2.6855e+00 -2.2058e+00 -2.0696e+00 -9.1905e-02 -2.7872e+00 +3.5573e+00 +4.5366e-01 -9.8303e-01 -5.4514e-01 -9.3609e-01 +4.8933e-01 -1.9311e+00 +1.4316e+00 -1.6112e-01 -2.7812e+00 -1.2419e+00 -1.3923e+00
4327184 +2.680195334e+03 +2.680195334e+03 +2.673895334e+03 +2.673895334e+03 +2.4686e-01 -9.8477e-01 +2.4643e+00 +3.4676e+00 +1.4010e+00 -7.9086e-01 +3.2356e+00 +1.8880e+00 +3.9817e+00 -2.8666e-01 -4.3288e-02 +1.0413e+00 -2.8244e+00 +2.1194e+00 +5.5485e-01 +2.5543e+00 -1.7636e+00 -5.0027e-01 -8.7143e-01 -8.3458e-01
10295766 +8.558376098e+02 +8.558376098e+02 +8.495376098e+02 +8.495376098e+02 -1.7438e+00 +2.3184e+00 -1.4407e+00 +1.8632e+00 -9.9928e-01 -3.4537e-02 -4.0301e-01 -2.3832e+00 +2.6942e+00 -1.3453e-01 -6.4323e-01 -7.5305e-02 -1.7713e+00 +6.2458e-01 -8.9066e-01 +9.1077e-01 -2.7615e+00 -1.0978e+00 -1.1794e+00 -1.8520e+00
178452678 +1.021295953e+02 +1.021295953e+02 +9.582959532e+01 +9.582959532e+01 -5.7859e-01 +1.6234e+00 -2.3133e-01 -1.4617e+00 -3.1558e+00 -1.9253e+00 +2.2363e+00 -8.3281e-01 +7.6087e-01 +8.3774e-01 +1.7727e-01 +1.8379e+00 -6.3699e-01 +2.0017e+00 -7.8320e-01 +2.2266e+00 -1.9200e+00 -2.1114e+00 -4.2085e-01 -1.0572e+00
% function evaluation | noise-free fitness - Fopt (7.056400000000e+02) | best noise-free fitness - Fopt | measured fitness | best measured fitness | x1 | x2...
1 +1.986820199e+05 +1.986820199e+05 +1.993876599e+05 +1.993876599e+05 +4.7166e+00 +2.3345e+00 -2.9361e+00 -3.4228e-02 -9.7545e-01 +3.5560e+00 -1.4296e+00 -9.0814e-02 +2.4088e+00 +3.3077e+00 -3.9701e+00 -2.0598e+00 -2.0183e+00 +4.9354e+00 -2.4279e+00 +9.0287e-01 +3.4473e+00 -1.6447e+00 +3.2024e+00 +1.5711e+00
6 +1.696479988e+05 +1.696479988e+05 +1.703536388e+05 +1.703536388e+05 +9.5630e-01 -7.4237e-02 -7.8759e-01 +6.1870e-01 -2.0547e+00 +2.9393e+00 +6.2059e-02 +1.6834e+00 +4.1929e+00 +1.3824e-01 -2.5806e+00 -2.8581e-01 +4.2735e+00 +1.1377e+00 +8.3952e-01 -4.4407e-01 -2.0440e+00 +1.8449e+00 -4.5923e+00 +4.1389e+00
10 +1.071821583e+05 +1.071821583e+05 +1.078877983e+05 +1.078877983e+05 -1.1731e+00 -4.9333e+00 +1.6015e+00 +3.6367e+00 +1.0701e+00 -3.6493e+00 -7.1716e-01 -3.6297e+00 -7.9197e-02 -1.1477e+00 +4.1184e+00 -1.4799e+00 -1.5332e+00 -4.6094e+00 +3.0419e+00 +2.7081e+00 -2.7076e+00 -3.2011e+00 -9.2591e-01 +6.2642e-01
12 +8.952413591e+04 +8.952413591e+04 +9.022977591e+04 +9.022977591e+04 +2.5499e+00 -9.8575e-01 -3.9680e+00 -6.7838e-01 +5.2144e-01 +6.0985e-02 -4.4422e-01 +3.5659e+00 -1.0786e+00 -2.8189e-01 -1.3699e+00 -4.1845e+00 +1.8419e+00 -4.4674e+00 +2.9058e+00 -4.2264e+00 -8.5084e-02 +4.6334e-01 +1.6248e+00 -1.4469e+00
13 +7.012640219e+04 +7.012640219e+04 +7.083204219e+04 +7.083204219e+04 +4.0164e+00 -4.5294e+00 +4.2156e+00 -4.6195e+00 +2.8605e+00 -9.3894e-01 +3.7900e+00 +1.3297e+00 +3.1785e+00 -2.1410e+00 +3.4367e+00 -4.7743e+00 -2.5419e+00 -1.8202e+00 +4.3692e+00 +2.1201e+00 -4.2158e+00 +1.5105e+00 -2.0628e-01 -1.5575e-01
25 +5.480744147e+04 +5.480744147e+04 +5.551308147e+04 +5.551308147e+04 +4.2462e+00 +2.2057e+00 +4.6881e+00 -1.4867e+00 -1.8652e+00 -6.5030e-01 -4.5344e+00 +3.7870e+00 +4.5623e+00 +4.1380e+00 -2.5280e+00 -3.0836e-02 +1.9342e+00 -7.5367e-01 +3.0204e+00 -1.9757e+00 -1.3505e+00 -1.3574e-01 +3.9062e-01 +6.1429e-01
106 +4.854082488e+04 +4.854082488e+04 +4.924646488e+04 +4.924646488e+04 -2.8256e+00 +4.2792e+00 +3.2637e+00 -1.7897e+00 -1.1155e+00 +1.9084e+00 -1.2609e+00 +1.6515e+00 +4.3725e+00 +1.5031e+00 +3.9683e+00 +1.7988e+00 +3.8322e-01 -4.4901e+00 +2.6863e+00 +3.6665e+00 -2.5504e+00 +4.1117e+00 -1.0500e+00 +5.9454e-01
182 +9.107841379e+03 +9.107841379e+03 +9.813481379e+03 +9.813481379e+03 +3.1822e-01 +9.8932e-01 -3.0692e+00 +2.8110e+00 +2.7279e+00 +1.6690e+00 +1.9615e+00 +6.6199e-01 -2.3483e-01 +3.5611e+00 -8.0901e-01 -1.7774e+00 -2.1336e+00 -2.7403e+00 +1.2465e+00 +9.1150e-01 -3.4522e+00 +2.4732e+00 -2.3703e-01 +1.3372e+00
463486 +7.066515249e+03 +7.066515249e+03 +7.772155249e+03 +7.772155249e+03 +1.6012e+00 +2.0081e+00 +1.2506e+00 -1.0687e+00 -4.4399e-01 -3.3789e+00 +1.5247e+00 -2.9089e-01 +4.1012e+00 +1.5000e+00 +3.7060e+00 +3.0392e-01 -2.0133e+00 -1.4283e+00 +6.7041e-01 -5.2086e-01 -2.3186e+00 +1.1216e+00 +2.7719e+00 +2.0768e+00
557714 +4.775779357e+03 +4.775779357e+03 +5.481419357e+03 +5.481419357e+03 +1.0940e+00 +9.8984e-01 +1.0759e+00 -4.2195e+00 +5.5256e-01 -3.3564e+00 -8.8903e-03 +3.2331e+00 -1.9189e+00 +7.0982e-01 +3.2428e-01 -1.3715e+00 -1.4563e+00 -3.4523e+00 +6.9446e-01 -4.6776e-02 -1.6543e+00 +5.7194e-01 +1.2240e+00 +1.7394e+00
1444436 +4.314920667e+03 +4.314920667e+03 +5.020560667e+03 +5.020560667e+03 +3.5355e-01 -1.5082e+00 -5.4716e-01 -2.5168e+00 +1.8531e+00 +4.8479e-01 +1.7859e+00 +3.8135e-01 +1.6607e-01 +4.1374e+00 +4.8949e-01 -1.2263e+00 -4.1832e-01 -3.1212e+00 -2.1525e-02 +2.6956e+00 +1.3264e-01 +2.9842e+00 +1.4077e+00 +8.2170e-01
2176379 +1.304639503e+03 +1.304639503e+03 +2.010279503e+03 +2.010279503e+03 +3.0553e+00 -1.5968e+00 +1.2240e+00 -1.1937e+00 +9.4155e-01 -3.0462e+00 +1.4040e+00 +3.1756e+00 -2.5957e-01 +1.2813e+00 +4.4619e-01 -1.5933e+00 -8.4991e-01 -1.1973e+00 +7.1447e-01 +3.0343e+00 -2.3622e+00 +1.5846e+00 +2.3236e+00 +2.3390e+00
38613709 +7.651171587e+02 +7.651171587e+02 +1.470757159e+03 +1.470757159e+03 +1.6757e+00 +4.2764e+00 +1.2665e+00 -3.5527e+00 +1.2692e+00 -3.0585e-01 -2.8041e+00 +2.5878e+00 +1.9120e+00 +1.2311e+00 -4.8556e-01 -2.0005e+00 -1.1140e+00 -2.6426e+00 +4.7042e-01 +2.2258e+00 -1.2341e+00 +2.5005e+00 +2.2987e+00 +5.8208e-01
136725194 +6.563788331e+01 +6.563788331e+01 +7.712778833e+02 +7.712778833e+02 -2.6159e+00 -2.0679e-01 +9.6006e-01 -1.9853e+00 -1.4724e+00 -2.9778e+00 +3.9977e-01 +2.3236e+00 +6.9941e-02 +2.7756e+00 +1.8418e+00 -2.5525e+00 -5.2562e-01 -5.0521e-01 +7.2914e-01 +1.7536e+00 -2.0180e+00 +4.3617e-01 +1.4787e+00 +1.1489e+00
% function evaluation | noise-free fitness - Fopt (1.839000000000e+02) | best noise-free fitness - Fopt | measured fitness | best measured fitness | x1 | x2...
1 +1.632442460e+05 +1.632442460e+05 +1.634281460e+05 +1.634281460e+05 +2.9654e+00 -4.6651e+00 -1.4328e+00 +1.9291e+00 +3.1420e-01 -2.5838e+00 -4.9119e+00 +4.3466e+00 -1.7327e+00 +3.4911e+00 +2.4161e+00 +1.0383e+00 +4.3344e+00 -2.5412e+00 +2.1007e+00 +3.7908e+00 -2.9775e+00 -3.2306e-01 -3.1613e+00 -3.7017e+00
3 +1.616452041e+05 +1.616452041e+05 +1.618291041e+05 +1.618291041e+05 -2.2940e-01 +5.0676e-01 -2.6868e-01 +3.5730e+00 +1.0458e+00 -2.3581e+00 +1.8606e+00 +1.7091e+00 +1.4956e+00 +3.0753e+00 +1.5079e+00 +1.4513e+00 +4.6904e+00 +3.3506e+00 +1.5550e-01 +2.6690e+00 -1.6076e+00 -3.6302e+00 -3.7550e+00 -2.4249e+00
4 +1.183606541e+05 +1.183606541e+05 +1.185445541e+05 +1.185445541e+05 +1.3327e+00 +3.9715e+00 -3.8256e+00 +6.7583e-01 -2.7299e+00 +4.9670e+00 -2.5529e+00 +1.4290e+00 +3.9592e+00 +3.1492e-01 +1.2365e+00 -1.9740e+00 -2.8752e+00 -3.2240e+00 +6.1933e-01 +4.6392e-01 -6.8667e-01 +3.4309e+00 +9.7477e-01 +4.4641e+00
8 +3.777537898e+04 +3.777537898e+04 +3.795927898e+04 +3.795927898e+04 -2.5342e+00 +1.8333e+00 -3.7697e+00 -1.0332e+00 -2.2040e+00 -4.6240e+00 -1.0942e+00 -2.0201e+00 +2.9188e+00 +1.4356e-01 +1.4948e+00 +2.9587e+00 +1.4391e+00 +4.8337e-01 +1.4368e+00 +1.5994e+00 -3.0886e+00 +1.2073e+00 -5.8660e-01 +1.1363e+00
192 +3.594799219e+04 +3.594799219e+04 +3.613189219e+04 +3.613189219e+04 +1.4364e+00 +3.9757e+00 +3.1605e+00 +1.9311e+00 +1.9995e+00 -2.8827e+00 -2.5640e+00 +4.6226e+00 +1.8019e+00 -2.8591e+00 -7.1749e-01 -3.0878e-01 +2.5667e+00 -3.9242e+00 -1.1690e+00 +1.8932e+00 +2.4926e-01 -7.0528e-02 +1.5341e-01 +2.6922e+00
670 +2.379278052e+04 +2.379278052e+04 +2.397668052e+04 +2.397668052e+04 +1.7771e+00 -1.2388e+00 +1.3593e+00 +4.9111e+00 +3.2043e+00 -2.2907e+00 -4.3183e+00 +1.8945e+00 +3.3026e+00 -1.5095e-01 -5.8846e-01 +3.4188e+00 +5.0383e-01 -6.5860e-01 +4.1369e+00 +2.6851e+00 -2.8079e+00 +1.1242e+00 -1.7800e+00 +2.0210e+00
1600 +1.885401992e+04 +1.885401992e+04 +1.903791992e+04 +1.903791992e+04 -2.4527e+00 +1.6187e+00 +2.4533e+00 +1.9187e+00 -2.5390e+00 +4.2451e+00 +3.3466e+00 +2.9920e-01 +1.6501e+00 +9.6266e-01 +7.2966e-01 +1.9376e+00 -2.8119e+00 +1.8990e+00 +3.4425e+00 -1.5374e+00 -1.7050e+00 -1.1982e+00 -2.2150e+00 +2.0894e+00
2499 +1.359245845e+04 +1.359245845e+04 +1.377635845e+04 +1.377635845e+04 +2.0162e+00 +1.2471e+00 -3.5940e+00 +2.1429e+00 -2.6572e-01 +3.4622e+00 -3.1821e+00 +3.1493e+00 +3.2754e+00 -2.8253e+00 -2.2115e+00 +1.9158e+00 -2.3912e+00 -2.3776e+00 +3.3930e+00 +1.4840e+00 -3.3187e+00 -1.6632e+00 -8.2724e-01 +1.9176e+00
25135 +1.311300793e+04 +1.311300793e+04 +1.329690793e+04 +1.329690793e+04 +1.9458e+00 -1.3180e+00 -1.9685e+00 -8.3710e-01 +1.3770e+00 -3.0681e+00 -8.0355e-02 +1.1125e+00 +1.6399e+00 -2.2053e+00 +1.3102e+00 +4.0143e+00 -1.2968e+00 -2.5079e+00 -7.3405e-01 +4.5568e+00 -4.8562e-01 -2.1289e+00 -2.4636e-01 +2.6145e+00
42559 +1.190602649e+04 +1.190602649e+04 +1.208992649e+04 +1.208992649e+04 -2.6694e+00 -1.5752e+00 +4.7456e+00 -4.2804e+00 -1.5015e+00 +2.7566e-01 -2.8346e+00 +9.5852e-01 +3.5091e+00 -1.9498e-01 -4.2469e+00 +6.7702e-01 +1.8758e-01 -1.4822e+00 +7.9511e-01 +3.2355e+00 -1.9186e+00 -3.1599e+00 -7.7560e-01 +2.1023e+00
46365 +8.581284739e+03 +8.581284739e+03 +8.765184739e+03 +8.765184739e+03 -2.1523e+00 +1.2323e-01 -2.1478e+00 -3.5157e+00 +2.1648e+00 -1.5826e+00 -1.8695e+00 +1.5038e+00 -6.1465e-01 -8.9797e-01 -3.8310e+00 +1.8057e+00 -1.3237e+00 -1.9612e+00 +1.4900e+00 +3.6705e+00 -2.8035e+00 -1.4126e+00 -1.8617e+00 +9.4401e-01
67712 +7.553664572e+03 +7.553664572e+03 +7.737564572e+03 +7.737564572e+03 -3.7937e+00 +1.7726e+00 -8.7551e-01 -2.5745e+00 -2.8236e+00 +3.3263e+00 -8.6957e-01 +1.7014e+00 -2.7556e-01 +7.1688e-01 -3.8944e+00 +1.6180e+00 -1.4617e+00 +6.5965e-01 +1.6199e+00 +4.1416e-01 +1.7300e-01 -2.8102e+00 -1.6297e+00 +2.6672e+00
74197 +6.593149621e+03 +6.593149621e+03 +6.777049621e+03 +6.777049621e+03 +4.1855e+00 +1.3706e-01 -1.8390e+00 -2.4038e+00 -1.3234e+00 +4.9504e-01 +1.4097e+00 +2.6354e+00 -1.5415e+00 -3.8322e-01 -6.8431e-01 -8.3854e-01 -3.9923e+00 -4.0995e-01 +6.0332e-01 +1.2764e+00 -2.4401e+00 -1.3627e+00 -3.0897e+00 +1.0490e+00
151892 +5.113327928e+03 +5.113327928e+03 +5.297227928e+03 +5.297227928e+03 +5.2843e-01 -3.3138e+00 +3.5722e+00 -2.2797e+00 +2.0272e+00 -5.2490e-01 -1.4118e+00 +2.8166e+00 +2.8386e+00 -1.2391e+00 -2.4948e+00 -9.6531e-01 -1.7426e+00 +1.6678e-01 -2.3094e-01 +3.0479e+00 -1.0143e+00 -2.3750e+00 -7.0123e-01 +2.9251e+00
208385 +4.556947014e+03 +4.556947014e+03 +4.740847014e+03 +4.740847014e+03 -8.2594e-01 +2.1735e+00 -2.0565e+00 -1.8308e+00 +1.9144e+00 -1.5735e+00 +1.7454e-01 +1.0441e-01 -1.4147e+00 -1.7499e+00 -9.8843e-01 +3.1756e+00 +3.1486e-01 -3.6473e+00 +1.8021e+00 +2.5883e+00 -2.4725e+00 +1.6312e-01 -1.6324e+00 +9.0825e-01
1052131 +2.288851436e+03 +2.288851436e+03 +2.472751436e+03 +2.472751436e+03 +2.3586e+00 +1.8161e+00 +2.1627e-02 -2.6094e+00 +1.9712e+00 -1.3033e+00 -5.8172e-01 -2.1152e-01 +3.1068e+00 -9.8758e-01 +3.5741e-01 +2.6807e+00 -5.2826e-01 -2.8350e+00 -1.5526e-01 +1.0014e+00 -7.0882e-01 -3.4153e-01 -3.6846e-01 +1.0286e+00
22729185 +1.970225502e+03 +1.970225502e+03 +2.154125502e+03 +2.154125502e+03 +2.0070e+00 -3.3058e-01 +2.6150e-01 -2.6718e+00 +2.1058e+00 -7.3960e-01 +2.1824e-01 -1.6559e+00 +2.7542e+00 -1.5620e+00 -2.5486e+00 +1.4484e+00 -7.6320e-01 -1.2495e+00 +2.5957e+00 +2.4744e+00 -1.3501e+00 -2.4059e+00 -2.2065e+00 +1.8022e+00
78093326 +9.996171712e+02 +9.996171712e+02 +1.183517171e+03 +1.183517171e+03 +2.7938e-01 +3.6149e+00 -2.1699e+00 -5.7902e-01 +2.8021e+00 -1.7602e+00 -1.8639e+00 -4.7237e-01 +1.2613e+00 -2.8787e+00 +5.1234e-01 +1.3555e+00 -1.3900e+00 -1.0693e+00 +1.5712e+00 +2.2479e+00 -2.6039e+00 -2.0293e+00 -2.5258e+00 +1.0899e+00
156377244 +5.682811784e+02 +5.682811784e+02 +7.521811784e+02 +7.521811784e+02 -1.0846e+00 -5.0380e-01 -8.1386e-01 -1.9848e+00 -3.6640e-02 +3.1331e+00 +1.2021e+00 +1.0377e+00 +1.2663e+00 +3.8698e-01 -1.4825e+00 +8.3353e-01 -1.4833e+00 -1.4339e+00 +2.0597e+00 +9.1823e-01 -2.6942e-01 -1.2516e+00 -5.8749e-01 +1.9830e+00
% function evaluation | noise-free fitness - Fopt (1.321000000000e+02) | best noise-free fitness - Fopt | measured fitness | best measured fitness | x1 | x2...
1 +2.220476495e+05 +2.220476495e+05 +2.221797495e+05 +2.221797495e+05 -9.6961e-02 +2.6439e+00 -2.5535e+00 -2.6761e+00 +4.0191e-01 -4.6120e+00 +4.8816e+00 +2.1697e+00 +2.1479e+00 -3.1966e+00 +1.1949e+00 -8.6683e-01 -2.0169e+00 -4.6971e-01 -1.1541e+00 +2.3896e+00 -2.8887e+00 -2.3870e+00 +1.7464e+00 +3.9202e+00
2 +1.446396536e+05 +1.446396536e+05 +1.447717536e+05 +1.447717536e+05 +4.5428e+00 +1.2770e+00 +4.6896e+00 +3.4584e+00 -4.9080e+00 +4.5769e+00 +1.2286e+00 -1.4707e+00 -4.5478e+00 +4.2547e+00 +1.0254e-01 -6.7757e-01 +2.7310e+00 +1.9598e+00 +1.4877e+00 +4.3669e+00 +9.3454e-01 +3.3137e+00 +2.2117e+00 +3.2320e+00
6 +1.289484676e+05 +1.289484676e+05 +1.290805676e+05 +1.290805676e+05 -4.1104e+00 -1.7184e+00 -4.3816e+00 -4.9807e+00 +1.4395e+00 -2.8882e+00 -1.1991e+00 -5.4349e-01 -5.5297e-01 -2.2080e+00 -8.9848e-01 -1.6073e+00 -9.0329e-01 +4.2759e-01 +4.7465e+00 +2.0890e+00 +3.1378e-01 -5.6048e-01 -1.4367e+00 +1.2899e-01
9 +5.670270017e+04 +5.670270017e+04 +5.683480017e+04 +5.683480017e+04 +2.3470e-01 +3.8144e+00 +1.2956e+00 +1.4035e+00 -4.3313e+00 +2.3812e+00 -1.6138e+00 +3.9184e+00 +3.8784e+00 +4.5094e+00 -9.6853e-01 +9.3095e-01 +4.7625e+00 -5.7765e-01 +1.7558e+00 +2.7337e-01 +2.4777e+00 +2.3394e+00 +2.8812e+00 +2.0874e-01
59 +4.866975859e+04 +4.866975859e+04 +4.880185859e+04 +4.880185859e+04 +1.7479e+00 +7.3142e-01 +4.8375e+00 -3.4614e+00 +2.1921e+00 +3.6266e-01 +1.9315e+00 -2.8257e+00 +1.6317e+00 -2.8021e+00 -4.7644e+00 +3.5788e+00 +3.7653e+00 +1.7528e+00 -2.1089e+00 +5.3825e-01 +3.1907e-01 +1.9542e+00 -6.3902e-01 -1.1863e+00
73 +4.432088315e+04 +4.432088315e+04 +4.445298315e+04 +4.445298315e+04 -4.3843e+00 -1.6544e+00 +6.7590e-01 +1.4696e+00 -3.1230e+00 -9.4025e-01 -3.1776e+00 -2.2477e+00 +2.5456e+00 +3.7444e-01 +3.9620e+00 +3.6476e+00 +2.0868e+00 +7.9926e-01 +1.3128e+00 +1.6835e+00 +1.1544e+00 +4.4650e+00 +1.3614e+00 +1.1497e+00
112 +4.016087467e+04 +4.016087467e+04 +4.029297467e+04 +4.029297467e+04 -1.5566e+00 -2.2709e-01 -4.1612e+00 -2.1660e+00 -2.8573e+00 -5.6013e-01 -9.3883e-01 +2.5923e+00 -3.8972e+00 +2.3429e+00 +1.1132e+00 -2.9369e+00 +2.8087e+00 -3.5953e-01 -2.4307e+00 +1.6552e+00 +2.7636e+00 +1.9989e+00 +2.1701e+00 -2.3182e+00
274 +3.369780435e+04 +3.369780435e+04 +3.382990435e+04 +3.382990435e+04 +1.5358e+00 -3.7383e+00 +3.0943e+00 +1.4965e+00 -1.7366e+00 +1.3372e+00 +6.8902e-01 -2.4787e+00 -3.1971e+00 -7.4279e-01 +3.1818e+00 +1.7666e+00 +2.7548e+00 -1.1130e+00 -3.4525e+00 -1.1473e+00 +4.7038e+00 +4.5185e-01 +1.8871e+00 -2.7817e+00
359 +2.820389225e+04 +2.820389225e+04 +2.833599225e+04 +2.833599225e+04 +4.8417e+00 +2.9365e+00 -3.5471e+00 -1.7218e+00 +9.8020e-01 -2.0746e+00 -4.5074e+00 -2.3081e+00 +2.9979e+00 -3.2071e+00 -2.4133e+00 +2.5198e+00 -6.0902e-01 +3.6882e-01 -1.5995e+00 +2.0906e+00 +2.9569e+00 +2.3025e+00 +4.1505e+00 -8.2591e-01
1132 +2.408207542e+04 +2.408207542e+04 +2.421417542e+04 +2.421417542e+04 +1.6285e+00 -4.8687e-01 -2.1811e+00 -2.7251e-01 +1.5192e+00 +1.2521e+00 -7.4442e-01 +4.6145e+00 +1.9495e+00 +2.8257e+00 +1.3429e+00 -2.2727e+00 +4.1164e+00 +1.8855e+00 +7.8019e-01 +2.6381e+00 +2.4186e+00 +2.1866e-01 +9.4805e-01 -5.6276e-02
1481 +8.105627866e+03 +8.105627866e+03 +8.237727866e+03 +8.237727866e+03 +2.6504e+00 -4.5827e+00 -6.7515e-01 -2.2414e+00 -4.3275e-01 -6.2007e-01 -1.3065e+00 +5.5316e-01 +7.9622e-01 -3.8621e+00 +3.3185e+00 +8.5476e-01 +1.6573e+00 -6.0071e-01 -1.3572e+00 +1.7042e+00 +2.3522e-01 +7.0305e-01 +1.1066e+00 -2.0832e+00
18373 +7.669522935e+03 +7.669522935e+03 +7.801622935e+03 +7.801622935e+03 -5.3125e-01 +8.8464e-01 -2.3931e+00 +9.7401e-01 -4.9229e+00 +8.9687e-01 +7.2459e-01 +3.8329e+00 -1.6542e+00 -2.3173e+00 -2.7358e-01 -1.0553e+00 +5.2634e-01 +2.7532e+00 -8.4783e-01 +1.6398e+00 +2.6583e+00 +5.1638e-01 +3.2081e+00 -1.5530e-01
144091 +7.543225561e+03 +7.543225561e+03 +7.675325561e+03 +7.675325561e+03 -1.1264e+00 +2.1058e+00 -1.6940e+00 +2.1099e+00 -3.8921e+00 -1.1331e+00 -1.2730e+00 +3.2434e+00 +6.4838e-01 -2.5967e+00 +2.6743e+00 +3.2389e+00 +3.3403e-01 +3.4376e-01 -2.2838e+00 +1.3456e+00 +2.7488e+00 -6.3924e-01 +2.2427e+00 -1.4346e-01
215453 +4.036359935e+03 +4.036359935e+03 +4.168459935e+03 +4.168459935e+03 +1.4743e+00 -1.5861e+00 +3.3417e+00 +3.1347e+00 -3.9296e+00 +1.7409e+00 -4.9981e-01 +1.2378e-01 -1.6537e-02 -1.3182e+00 +2.4418e+00 +6.1440e-01 +1.9647e+00 +1.4345e+00 -1.2127e+00 +3.5621e+00 +7.1307e-02 +1.3772e+00 +1.1914e+00 -2.8023e+00
744758 +3.917658034e+03 +3.917658034e+03 +4.049758034e+03 +4.049758034e+03 +1.0571e+00 -3.5530e+00 +2.3894e-02 -4.0985e+00 -9.0753e-01 -1.5756e+00 -1.8532e+00 +7.5237e-01 +1.8224e+00 -1.1944e+00 +6.4115e-01 +2.6649e-01 -5.6637e-01 +2.2619e+00 -5.0515e-02 +1.5950e+00 +1.3631e+00 +2.1841e+00 +2.1361e-01 -2.0267e+00
1480068 +3.726372932e+03 +3.726372932e+03 +3.858472932e+03 +3.858472932e+03 +1.1603e+00 +2.5644e+00 +1.0684e+00 -2.8170e+00 -3.0159e+00 -4.6061e-01 -1.6309e+00 -9.8921e-01 +1.8266e+00 +8.0667e-01 -2.1558e-01 +2.4911e+00 -1.0946e+00 +2.2795e+00 -1.4742e-01 +6.4697e-01 +1.3120e+00 +5.7802e-01 +2.2925e+00 -2.7789e+00
2453154 +3.581722527e+03 +3.581722527e+03 +3.713822527e+03 +3.713822527e+03 +8.8179e-02 -2.4952e+00 +2.8707e+00 -1.6889e+00 -1.5039e-01 -1.9286e+00 -9.2010e-01 +1.8216e+00 +2.6493e+00 -1.4809e+00 +1.4602e+00 +1.8876e+00 +7.5573e-01 +3.2169e+00 -1.6958e+00 +2.2378e+00 +2.4406e+00 +3.7058e-02 +3.0013e+00 -2.4893e+00
4611013 +3.402018702e+03 +3.402018702e+03 +3.534118702e+03 +3.534118702e+03 +2.6488e+00 +3.5914e+00 +2.4384e+00 -1.6625e+00 -1.7111e+00 +4.8056e-01 +1.7539e+00 +2.0525e+00 -4.2529e-01 -5.4540e-02 +1.2153e+00 +1.8140e+00 -1.7654e-01 +2.7131e+00 +4.6818e-02 +2.4089e+00 +2.2892e+00 +2.7226e+00 -1.5682e-02 -2.9453e+00
12290948 +8.828606904e+02 +8.828606904e+02 +1.014960690e+03 +1.014960690e+03 +2.5569e+00 -1.8201e+00 +2.8263e+00 -1.6030e+00 -3.2895e+00 +2.3202e+00 -7.3493e-01 +1.4377e+00 +2.6490e+00 -1.3201e+00 +1.1786e+00 +1.4880e+00 +1.5826e-01 +7.6498e-02 -6.0252e-01 +9.0146e-01 +2.0551e+00 +1.2693e+00 +1.3141e+00 -6.7816e-01
99228795 +6.805723106e+02 +6.805723106e+02 +8.126723106e+02 +8.126723106e+02 +2.2252e+00 -2.1476e+00 +1.4911e+00 -9.8275e-01 +1.9983e+00 +9.0138e-01 -2.6041e-01 +1.9284e+00 +2.7131e+00 -5.2091e-01 +1.3910e+00 +1.4539e+00 +3.8590e-01 +1.5713e+00 -5.0475e-01 +4.2217e-01 +6.3768e-01 +1.2565e+00 +1.8715e+00 -2.2158e+00
% function evaluation | noise-free fitness - Fopt (-6.067000000000e+01) | best noise-free fitness - Fopt | measured fitness | best measured fitness | x1 | x2...
1 +2.986818700e+05 +2.986818700e+05 +2.986212000e+05 +2.986212000e+05 +3.7069e+00 -1.9411e-01 +8.3443e-01 +2.9463e+00 +4.9145e+00 -1.5984e+00 -4.7038e+00 +7.5911e-01 -1.4360e+00 +2.5147e-02 +4.9761e+00 -5.5384e-01 -3.5913e+00 +2.2981e+00 -2.1618e+00 +3.8169e+00 -3.1698e+00 -1.9623e-01 -2.9579e+00 -4.0563e+00
2 +2.345034225e+05 +2.345034225e+05 +2.344427525e+05 +2.344427525e+05 -3.0999e+00 +3.9940e+00 -1.0735e+00 +2.6161e+00 +4.4732e+00 +2.5002e-02 -2.6978e+00 +3.3363e+00 +2.7124e+00 +3.4731e+00 -4.5927e+00 -4.0863e+00 +4.1689e+00 -5.6036e-01 -1.9495e+00 +9.0301e-01 +7.2338e-01 +3.0745e+00 -3.9582e+00 +2.9914e+00
5 +1.168591499e+05 +1.168591499e+05 +1.167984799e+05 +1.167984799e+05 +2.1318e+00 -1.2189e-02 -4.7912e+00 -4.7927e-01 -2.6035e+00 +2.7570e+00 +1.7744e+00 -9.7354e-01 +1.1763e+00 -4.2486e+00 +3.7700e+00 -2.8723e+00 +2.9625e-01 +3.4501e+00 -3.5528e+00 +4.9034e+00 +2.7816e+00 -7.3716e-01 +4.4858e+00 +2.1093e+00
11 +1.118681057e+05 +1.118681057e+05 +1.118074357e+05 +1.118074357e+05 +4.2326e+00 -3.3584e+00 -4.2124e+00 +3.7548e+00 +3.0636e+00 -1.4176e+00 -3.8085e+00 +4.4511e+00 +1.0700e+00 +4.5987e+00 -8.4478e-01 +1.0337e-01 +2.9967e+00 +4.5605e-01 +2.4914e+00 +1.0308e+00 -4.3792e+00 -1.9701e+00 -2.5722e+00 +2.4029e+00
26 +8.786223083e+04 +8.786223083e+04 +8.780156083e+04 +8.780156083e+04 -2.6575e+00 -8.7935e-01 +2.7117e+00 -2.4836e+00 +2.0808e+00 -4.9775e+00 +1.1309e+00 -4.5782e+00 +3.1927e+00 -2.9689e+00 -5.0822e-01 -1.0418e+00 -1.4968e+00 +8.1775e-01 -4.6094e+00 -1.7144e+00 +1.6150e+00 -2.0393e+00 +2.2499e+00 +4.5349e+00
46 +7.413298883e+04 +7.413298883e+04 +7.407231883e+04 +7.407231883e+04 +2.1493e+00 -6.0556e-01 -2.3689e+00 -2.0499e+00 -8.5847e-01 +4.9051e+00 +1.0897e+00 -4.4084e+00 -1.5112e+00 -8.0993e-01 -8.6845e-01 -2.9218e+00 +2.9846e+00 +1.3269e-01 -3.8847e+00 +2.6858e+00 +1.9699e+00 -7.6162e-01 -2.5837e+00 +9.1348e-01
61 +7.394339942e+04 +7.394339942e+04 +7.388272942e+04 +7.388272942e+04 -9.7342e-01 +1.1422e+00 -1.8419e+00 +2.6922e+00 -2.1931e+00 +1.4755e+00 -1.5837e+00 +4.5532e+00 -1.7384e+00 -7.5641e-01 +3.3236e+00 -3.3306e+00 -1.9224e+00 +1.9706e+00 +6.6808e-01 +1.7405e+00 +2.1448e+00 -5.7110e-01 +7.3438e-01 +2.2015e+00
122 +4.929104656e+04 +4.929104656e+04 +4.923037656e+04 +4.923037656e+04 -2.8908e-01 +2.1581e+00 -3.1437e+00 +3.7868e+00 -3.3700e+00 -2.9048e+00 +1.3128e+00 -3.6254e+00 -1.9309e+00 +1.4536e+00 -1.5145e+00 -4.5112e-01 -2.8982e+00 +1.7674e+00 -4.0068e+00 -8.5330e-01 +5.9978e-01 -2.9633e+00 +2.6722e+00 -5.1834e-01
294 +3.050733991e+04 +3.050733991e+04 +3.044666991e+04 +3.044666991e+04 +2.5995e+00 -1.3180e+00 -1.7331e+00 -1.0462e+00 +1.1249e-01 -1.9966e+00 +3.7303e-01 -4.7267e+00 +6.2767e-01 +2.2155e+00 -1.8353e+00 -2.5823e+00 +2.8379e+00 +2.5325e+00 -3.4337e+00 +3.3327e+00 -2.7178e+00 -1.0836e+00 -1.2312e+00 +2.5337e+00
1521 +2.812550419e+04 +2.812550419e+04 +2.806483419e+04 +2.806483419e+04 -1.5033e+00 +3.6002e+00 +8.7779e-01 -1.0758e-01 +1.3488e+00 +3.6213e-01 +3.4485e+00 +1.0745e-01 +2.8267e+00 +1.0786e+00 +1.2004e+00 -1.0473e+00 +7.1814e-01 +2.8095e+00 +2.1349e+00 +4.3364e+00 -1.8708e+00 -1.9335e+00 +3.4672e+00 -9.8709e-01
1687 +1.349971971e+04 +1.349971971e+04 +1.343904971e+04 +1.343904971e+04 -7.1093e-01 +3.6131e+00 +2.7082e+00 +2.0716e+00 +3.4928e+00 -2.4376e+00 +4.8752e-01 -6.3336e-02 +9.1569e-01 -2.5224e+00 -2.2368e+00 -2.0440e+00 +1.6448e+00 +1.2738e+00 -7.3487e-01 +3.2411e+00 +2.7801e-01 -6.4039e-01 +2.2049e+00 +1.5034e+00
12466 +1.176539722e+04 +1.176539722e+04 +1.170472722e+04 +1.170472722e+04 -4.1330e+00 -3.8308e+00 +1.5562e+00 +7.6784e-01 +2.1573e+00 +1.5743e+00 -2.0694e+00 -7.7194e-01 +4.8084e+00 -2.0005e+00 -3.2432e-01 -3.0934e+00 -3.2474e-01 +2.3944e+00 -2.4553e+00 +2.8380e+00 +9.6564e-02 -1.8895e+00 +4.6553e-01 +2.7878e-01
38163 +9.729723283e+03 +9.729723283e+03 +9.669053283e+03 +9.669053283e+03 -1.0560e+00 -4.6668e-01 +4.4610e+00 -3.6849e-01 +3.4583e+00 +7.7059e-01 +2.5065e+00 +3.0820e+00 +6.4100e-01 +5.6712e-01 -3.0786e+00 +2.8914e-01 +2.4130e+00 +1.0432e+00 -1.1605e+00 +2.9364e+00 -3.2744e-01 -2.7744e+00 +2.4336e+00 +3.8902e-01
46039 +8.425056213e+03 +8.425056213e+03 +8.364386213e+03 +8.364386213e+03 -2.1323e+00 +3.3435e+00 -3.7106e+00 -1.1035e+00 +3.7740e+00 +1.8841e+00 +3.1189e+00 +2.1330e+00 +3.2249e-01 -2.5415e-01 -2.3314e+00 -3.8300e+00 -2.6993e-01 +2.5105e+00 -1.2947e+00 +8.6102e-01 -8.0025e-01 -3.0394e+00 +2.5778e-01 +2.9718e+00
175512 +3.697034281e+03 +3.697034281e+03 +3.636364281e+03 +3.636364281e+03 +4.0407e+00 +8.4886e-02 -2.8817e-01 +9.9951e-01 +3.0329e+00 -1.0940e+00 +2.9605e+00 +8.5096e-01 +2.3169e+00 +1.0289e+00 -3.0178e+00 +7.2828e-01 +1.9791e+00 +3.0653e+00 -1.7657e+00 +2.9057e+00 +2.0435e-01 -1.4407e+00 +5.4067e-01 +2.1895e+00
321212 +1.960878733e+03 +1.960878733e+03 +1.900208733e+03 +1.900208733e+03 -1.6640e+00 +5.9651e-01 -5.0242e-01 +2.5544e-01 +3.3196e-01 -3.9293e-01 +2.8597e+00 -2.5067e+00 +3.6426e-01 +2.3357e+00 +4.9248e-01 -2.6559e+00 +5.6025e-01 +1.8641e+00 -1.0585e+00 +1.9918e+00 +4.2975e-01 -1.9952e+00 +1.4421e+00 +2.3961e+00
5912410 +1.923388426e+03 +1.923388426e+03 +1.862718426e+03 +1.862718426e+03 +6.5449e-01 +2.0429e+00 +1.0360e+00 +6.9222e-01 +1.5503e+00 -9.9238e-01 +1.5708e+00 -3.3316e+00 -1.5746e+00 +1.1900e+00 -1.3505e+00 -2.1077e+00 +4.8006e-01 +6.8009e-01 -6.2431e-01 -4.4608e-05 -1.0472e+00 -1.3990e+00 +2.3668e+00 +1.6165e+00
38580198 +1.469512157e+03 +1.469512157e+03 +1.408842157e+03 +1.408842157e+03 -2.7115e+00 +1.8135e+00 +1.8121e+00 +1.0636e+00 -6.9528e-01 +3.3446e+00 +2.1488e+00 -2.0809e+00 -1.1792e+00 +1.2134e+00 +4.4401e-01 -1.1534e+00 +1.6870e+00 +2.1758e+00 -2.1404e+00 -1.2832e-01 -3.0315e+00 -1.7899e+00 +1.8533e+00 +2.0288e+00
66668550 +1.114756520e+03 +1.114756520e+03 +1.054086520e+03 +1.054086520e+03 -2.7979e+00 -1.7517e+00 +2.2951e+00 +2.5258e-01 +2.3271e+00 +2.3436e+00 +2.5224e+00 +8.1282e-01 +1.4671e+00 +1.1652e+00 -3.3296e+00 -1.0734e+00 +1.6139e+00 +5.7896e-01 -3.9086e-01 +1.9875e+00 -8.9302e-01 -1.3888e+00 +2.5982e+00 +1.7662e+00
160805198 +5.509979432e+02 +5.509979432e+02 +4.903279432e+02 +4.903279432e+02 +2.2241e+00 -2.2980e+00 -2.2780e+00 +2.9151e+00 +1.2278e+00 +1.5176e-02 -6.0113e-01 -7.9567e-01 +2.1471e+00 +2.5883e+00 +1.9270e-01 +7.3951e-02 +7.7790e-01 +2.4745e+00 -1.2395e+00 +2.9046e-01 -2.0966e+00 -5.7771e-01 +1.6177e+00 +1.0892e+00
% function evaluation | noise-free fitness - Fopt (7.560000000000e+01) | best noise-free fitness - Fopt | measured fitness | best measured fitness | x1 | x2...
1 +1.057673262e+05 +1.057673262e+05 +1.058429262e+05 +1.058429262e+05 -1.4553e+00 -2.4041e+00 +2.8436e+00 -2.5934e-01 +3.7226e+00 -3.8128e+00 -5.4597e-01 -3.0032e+00 +1.6322e+00 +2.9092e+00 +4.9556e+00 +8.9368e-01 -1.7582e-01 -3.6895e-01 -4.0715e+00 +1.2758e+00 +3.4559e+00 +3.7539e+00 -2.3072e+00 +2.3041e+00
8 +9.895527202e+04 +9.895527202e+04 +9.903087202e+04 +9.903087202e+04 +6.9820e-01 -4.3647e+00 +2.1373e+00 -3.2636e+00 -3.3828e+00 +3.5525e+00 -2.0441e+00 -2.2078e+00 -3.7470e+00 -1.1157e+00 +1.0685e+00 -1.8243e+00 +7.8942e-01 -2.1743e+00 -2.8678e-01 +3.7467e+00 +4.8657e+00 +1.5682e+00 -4.6106e+00 -2.5761e+00
13 +7.997835269e+04 +7.997835269e+04 +8.005395269e+04 +8.005395269e+04 +4.4670e-01 -3.7633e+00 -1.2728e+00 -8.1439e-01 +2.4401e+00 -3.1097e-01 -3.2450e+00 +2.7590e+00 +4.5414e-01 +1.5218e+00 +2.5293e-01 -4.6110e+00 +1.6496e+00 +3.5073e+00 -4.5946e+00 -4.5564e+00 +6.5934e-01 -3.3400e+00 +8.1908e-02 +6.2635e-01
30 +4.269257606e+04 +4.269257606e+04 +4.276817606e+04 +4.276817606e+04 +2.8349e+00 +1.8773e+00 +4.2070e+00 -4.0383e-01 -3.8233e+00 +2.7992e+00 +8.0600e-01 -1.1181e+00 -3.2795e-01 +3.8563e+00 -3.7281e+00 -1.5558e+00 -4.3553e+00 -3.7880e+00 -6.2864e-01 +5.0561e-01 +1.9186e+00 -1.6293e+00 -1.2213e+00 -2.9208e-01
110 +4.055480555e+04 +4.055480555e+04 +4.063040555e+04 +4.063040555e+04 -1.9865e+00 +3.1414e+00 +9.8145e-01 +9.5082e-01 +1.2989e+00 -1.6292e+00 +5.4797e-01 +4.3011e+00 +1.0504e+00 +1.7443e+00 -9.9264e-01 +8.6184e-01 -8.5403e-01 -9.3217e-01 +4.8981e-01 -3.8172e-01 +2.5585e+00 +9.2317e-01 -5.1569e-01 +2.1803e+00
470 +3.277849185e+04 +3.277849185e+04 +3.285409185e+04 +3.285409185e+04 +1.7412e+00 -1.1958e+00 +4.0869e+00 +1.6315e+00 -2.1144e+00 +2.2200e+00 +2.8138e+00 +1.5306e+00 -2.5609e+00 +3.9236e+00 -1.3076e+00 +8.7401e-01 -1.4021e+00 +2.0361e+00 +1.2267e+00 +4.6489e+00 +6.1521e-01 -3.3149e+00 -4.3351e-01 +4.2924e+00
620 +2.171401084e+04 +2.171401084e+04 +2.178961084e+04 +2.178961084e+04 +2.0680e+00 +2.9291e+00 -1.2655e+00 -3.0541e+00 +6.9059e-01 +2.0102e+00 -3.6527e+00 -2.2774e+00 +5.2056e-01 +1.0053e+00 +1.3466e+00 -1.1191e+00 -1.9777e+00 +2.6402e+00 +1.7925e+00 +1.4536e+00 +1.4201e+00 +1.2517e+00 -1.8434e+00 +1.8276e+00
2959 +2.003024382e+04 +2.003024382e+04 +2.010584382e+04 +2.010584382e+04 +3.5397e+00 +4.8555e+00 +2.0175e+00 +2.0748e+00 -4.6328e+00 +1.8337e+00 -3.2545e+00 +4.4906e-01 -4.7899e+00 +2.5145e+00 +2.0418e+00 -2.5825e+00 -1.6413e+00 -3.1143e-01 -3.9127e+00 +1.2228e+00 +4.2790e-02 -7.7337e-01 -1.8649e+00 +3.5689e+00
5028 +1.724679840e+04 +1.724679840e+04 +1.732239840e+04 +1.732239840e+04 -1.1026e+00 +3.3516e+00 -3.4585e+00 +3.1263e+00 -3.4484e+00 -3.2277e+00 -1.8781e+00 +5.8733e-01 +1.5998e+00 +3.3412e+00 +1.3456e+00 -3.2034e+00 -8.2913e-01 +6.7226e-01 +2.7314e-01 -6.0146e-01 +9.5842e-01 -4.9744e-01 -6.3987e-01 +2.5503e+00
8659 +1.054840785e+04 +1.054840785e+04 +1.062400785e+04 +1.062400785e+04 +2.7436e+00 +2.5457e+00 +4.5959e-03 +3.9068e+00 -3.1048e+00 +6.1346e-01 -3.9487e+00 -1.8617e+00 -1.9504e+00 -8.2912e-01 -3.2605e-01 -1.7125e+00 -2.1956e+00 -6.5650e-01 -3.2969e+00 +2.4505e+00 +3.1643e+00 -3.8159e-01 -2.8434e+00 +9.2490e-02
12452 +9.354466110e+03 +9.354466110e+03 +9.430066110e+03 +9.430066110e+03 +3.6489e+00 -3.0977e+00 +2.7746e-01 -1.7419e+00 +4.0619e+00 +2.7978e+00 +7.3133e-02 -1.2923e+00 -2.9763e+00 +2.7420e+00 -1.9416e+00 -1.0103e+00 -2.7560e+00 +6.5422e-03 -3.3221e+00 +1.4711e+00 +1.9989e+00 -2.6968e+00 -7.8405e-01 +2.0024e+00
22495 +8.126373984e+03 +8.126373984e+03 +8.201973984e+03 +8.201973984e+03 +4.5262e+00 +1.8563e+00 +2.3865e-01 +5.6192e-01 -4.3595e+00 -1.1841e+00 -3.9492e+00 +5.1214e-01 +4.3292e-01 +3.3419e+00 -3.2748e+00 +1.0031e+00 -1.0293e+00 +1.1301e+00 -1.6401e-01 +8.3588e-01 +3.3525e+00 -2.8756e-01 -6.7210e-01 +1.6309e+00
83471 +5.629962839e+03 +5.629962839e+03 +5.705562839e+03 +5.705562839e+03 -1.9043e+00 +2.8764e+00 +5.1571e-01 +1.6819e+00 +1.3845e+00 -1.4150e+00 -2.6117e+00 +6.9214e-01 -1.3633e+00 +3.1900e-01 -1.3654e-01 +9.7444e-01 +2.1824e-01 +3.5264e+00 -1.1502e-01 +7.9928e-01 +1.1179e+00 -2.0545e+00 -1.4968e+00 +1.4975e+00
490596 +5.437596381e+03 +5.437596381e+03 +5.513196381e+03 +5.513196381e+03 +2.1924e+00 +1.5803e+00 +1.9115e+00 -3.5895e+00 -2.1089e+00 +2.9503e+00 +2.4129e-01 -3.5606e+00 +2.8800e+00 +1.7841e+00 +1.8011e-01 -9.3803e-01 -2.2578e-02 +1.7791e+00 -1.2765e+00 +2.3557e+00 +2.4546e+00 -2.5734e+00 -1.6920e+00 +6.7750e-01
530090 +5.328416082e+03 +5.328416082e+03 +5.404016082e+03 +5.404016082e+03 -3.2666e+00 -1.9253e+00 +2.6487e+00 +1.5980e+00 -4.1108e+00 -1.5375e+00 -3.3330e+00 -1.7312e+00 -1.9883e+00 -4.6248e-01 -2.6909e+00 -2.7268e+00 +1.3169e+00 +3.2380e+00 -3.3512e-01 +2.0113e+00 +2.8906e+00 -7.6234e-01 -3.1790e+00 +4.7831e-01
894030 +5.071458998e+03 +5.071458998e+03 +5.147058998e+03 +5.147058998e+03 +2.7420e+00 +6.5125e-01 +4.0696e+00 -2.2757e+00 +1.8881e+00 -8.9582e-01 -2.5648e+00 -9.2266e-01 +3.7784e-01 +1.0216e+00 -1.8680e+00 -9.0581e-01 +1.1226e+00 +1.7548e+00 -2.3195e+00 +2.2081e+00 -2.3989e-01 -9.4369e-01 -1.9032e+00 +1.5265e+00
1553241 +2.207390876e+03 +2.207390876e+03 +2.282990876e+03 +2.282990876e+03 -4.9167e-01 +1.6327e+00 +2.7702e+00 -3.0704e-01 -4.6208e-01 -1.2025e+00 +1.0010e-01 -2.4587e+00 -6.9144e-02 +8.4848e-01 -1.7284e-01 -3.3119e+00 +7.1122e-01 +3.7866e+00 -6.5533e-01 +2.2988e+00 +4.8881e-01 -5.5753e-01 -1.8144e+00 +6.4010e-01
7845481 +1.739054428e+03 +1.739054428e+03 +1.814654428e+03 +1.814654428e+03 +1.0289e+00 -1.3774e+00 -3.3844e-01 -2.4953e+00 -1.2237e+00 -1.3422e+00 +6.4345e-01 -3.8518e+00 +2.5465e-01 +2.7148e+00 +2.1385e-01 -9.4113e-01 -2.3943e+00 +8.7980e-01 -2.4971e+00 +1.9443e+00 -9.6587e-02 -1.4470e+00 -5.1870e-01 +8.7359e-01
10322925 +1.400761485e+03 +1.400761485e+03 +1.476361485e+03 +1.476361485e+03 -2.9578e+00 -1.7521e+00 +4.9261e-01 +2.6562e+00 -2.1228e+00 -1.3283e+00 -1.1807e-01 -2.7144e+00 -2.7040e+00 +2.2686e+00 -1.0977e-01 -2.8771e+00 -1.1215e+00 +1.7078e+00 -1.9508e+00 +1.8472e+00 +1.8739e+00 -2.0364e+00 -5.1628e-01 +2.6458e+00
21013929 +1.221820335e+03 +1.221820335e+03 +1.297420335e+03 +1.297420335e+03 +2.0908e-01 -1.4011e+00 +3.1489e+00 -6.4172e-01 -4.6243e-01 +3.4037e+00 -1.0159e+00 -3.1183e+00 +9.0983e-01 +1.0117e+00 -1.0354e+00 -4.0808e-01 -1.5203e+00 +1.8193e+00 -1.9945e-01 +9.6678e-01 +1.3476e+00 -2.9059e+00 -8.5623e-01 +8.5568e-01
86984962 +1.175150958e+03 +1.175150958e+03 +1.250750958e+03 +1.250750958e+03 -2.1465e+00 +1.9882e+00 -6.6152e-01 -8.6428e-01 +5.7693e-02 -7.2759e-01 -1.3697e+00 -4.1424e-01 -2.5131e+00 +2.7161e+00 +6.0637e-01 -1.4741e+00 -1.9024e+00 -5.0290e-01 -1.1111e+00 +5.4553e-01 +9.0967e-01 -2.2966e+00 -2.4667e+00 +2.1667e+00
103486552 +9.732336951e+02 +9.732336951e+02 +1.048833695e+03 +1.048833695e+03 +3.3224e+00 +3.0495e+00 +2.0018e+00 -7.1608e-01 -1.1025e+00 +1.4800e+00 -1.2512e+00 -1.8747e+00 -1.7045e+00 +8.9989e-01 -3.1383e+00 -1.6649e+00 -9.9658e-01 +4.3427e-01 -6.9015e-01 +2.9891e+00 +1.3043e+00 -2.1130e+00 -8.8328e-01 +2.4547e+00
125144374 +4.659083288e+02 +4.659083288e+02 +5.415083288e+02 +5.415083288e+02 -2.6222e+00 +3.3121e-01 +2.1245e-01 +7.6731e-01 -1.4759e+00 -1.2366e+00 +5.6856e-01 -2.9643e+00 -1.8325e+00 -5.7218e-02 -1.9113e+00 -3.6424e-02 -3.2009e+00 +2.2449e+00 -2.2934e+00 +1.0246e+00 +8.9731e-01 -2.2288e+00 -1.3161e+00 +1.5463e+00
% function evaluation | noise-free fitness - Fopt (-1.699200000000e+02) | best noise-free fitness - Fopt | measured fitness | best measured fitness | x1 | x2...
1 +2.401129901e+05 +2.401129901e+05 +2.399430701e+05 +2.399430701e+05 -2.4397e+00 -4.4919e+00 +3.4958e+00 -6.8739e-01 +2.3663e+00 -2.2878e+00 -1.0081e+00 +1.8604e+00 -3.1778e+00 -3.8762e+00 +1.0540e+00 -6.8592e-01 +2.3361e+00 -3.3695e+00 -4.6955e+00 +3.3733e+00 -7.7764e-01 -3.8533e+00 -2.3227e+00 +3.4834e+00
4 +9.644191828e+04 +9.644191828e+04 +9.627199828e+04 +9.627199828e+04 +4.6777e+00 -3.1245e+00 -4.4928e+00 -2.0486e+00 -3.5777e+00 -8.1253e-01 +3.1778e+00 +1.0620e+00 +2.2555e+00 -3.2714e+00 +4.9050e-01 +2.7782e+00 -6.0795e-02 +3.4012e+00 -3.3836e+00 -1.1024e+00 -8.6099e-01 +2.4002e+00 +9.4831e-01 +3.9734e+00
18 +5.402266588e+04 +5.402266588e+04 +5.385274588e+04 +5.385274588e+04 -2.2499e+00 -1.0554e+00 +1.8533e+00 -9.2471e-01 +4.1813e+00 +2.7845e+00 -2.9093e+00 +2.5812e+00 -2.6671e+00 +3.4506e+00 +1.9499e+00 -1.1197e+00 +5.1805e-01 -1.5762e+00 +2.8744e+00 -2.3414e+00 +5.2608e-03 +1.2203e-01 -2.9838e+00 -8.1995e-01
53 +5.161595254e+04 +5.161595254e+04 +5.144603254e+04 +5.144603254e+04 +1.3958e+00 +4.9439e+00 -1.5458e+00 +3.1732e+00 +3.0941e-01 -2.0792e+00 +3.7109e+00 -3.0618e+00 +6.5713e-02 -9.2523e-01 -3.8467e+00 +1.2905e+00 -1.4187e+00 +6.6219e-01 -1.3435e+00 +2.6743e+00 -4.1625e+00 +2.0600e+00 +1.7368e+00 +4.2602e+00
113 +4.776527529e+04 +4.776527529e+04 +4.759535529e+04 +4.759535529e+04 -4.3934e+00 -1.0338e+00 +3.3056e+00 +2.6874e+00 -1.3493e+00 +6.0954e-01 -2.0442e-01 +8.6811e-01 -8.0717e-01 +4.0749e+00 -3.8238e+00 +2.8179e+00 -3.5365e+00 +1.0729e+00 +4.2223e+00 -1.4759e+00 -3.3100e+00 +4.5608e+00 -5.7245e-02 +2.5688e+00
315 +2.078155286e+04 +2.078155286e+04 +2.061163286e+04 +2.061163286e+04 +1.5494e+00 +2.7390e+00 +1.6267e+00 +3.4019e+00 +2.3181e-01 -4.2982e-01 -2.4771e+00 -5.0771e-01 +1.5409e+00 +3.7886e+00 -1.5524e+00 +4.1381e+00 +7.2140e-01 +3.2930e+00 +4.2784e+00 +1.6905e+00 -2.3553e+00 +3.1265e+00 -1.8915e+00 +2.0792e+00
2079 +1.546377090e+04 +1.546377090e+04 +1.529385090e+04 +1.529385090e+04 +6.6507e-03 +3.7801e-01 -2.3215e+00 -4.1073e+00 +4.5179e+00 -1.6598e+00 +1.1512e-01 -4.1525e+00 +1.5330e+00 +2.1411e+00 -2.0175e+00 +3.4166e+00 +2.0817e+00 +3.8157e+00 +1.1127e+00 +2.5860e+00 -3.3051e+00 +1.5241e+00 -2.1346e+00 +5.7107e-01
3270 +1.164246892e+04 +1.164246892e+04 +1.147254892e+04 +1.147254892e+04 +3.3136e+00 +3.1288e+00 -3.0108e+00 -2.7445e+00 +4.8840e+00 -1.4835e+00 +2.3795e-01 +3.1739e+00 -3.1376e+00 +1.9383e+00 +8.3603e-01 +3.3607e+00 -1.6296e+00 -1.1765e-04 +2.4875e+00 +1.0496e+00 -8.9485e-01 +1.7644e+00 -6.4383e-01 +3.8537e-01
15051 +1.118491908e+04 +1.118491908e+04 +1.101499908e+04 +1.101499908e+04 -2.7746e+00 -2.0460e+00 -6.6342e-01 +1.1999e+00 +8.5089e-01 +1.3916e+00 -4.0281e+00 +3.2358e+00 -6.5813e-01 +3.9938e+00 -2.1344e+00 -1.6162e+00 -1.8248e+00 -4.8182e-02 +3.7617e+00 +8.7290e-01 -2.2741e+00 +1.9019e+00 -9.4067e-01 +2.8627e+00
30416 +8.060062674e+03 +8.060062674e+03 +7.890142674e+03 +7.890142674e+03 +2.2587e+00 -1.5184e+00 -2.9140e+00 -1.8292e+00 -8.0726e-01 -4.2063e+00 -6.5509e-01 -5.8400e-01 -1.7265e+00 +2.5468e+00 +3.5892e-01 +4.1906e+00 -3.2661e+00 +7.9869e-01 +1.7360e+00 +1.3294e-01 -3.2541e+00 +2.3462e-01 -2.5003e+00 +1.1739e+00
54579 +2.628714625e+03 +2.628714625e+03 +2.458794625e+03 +2.458794625e+03 +2.7417e-01 +2.9147e+00 +1.2574e+00 -9.9531e-01 +1.1623e+00 -1.7073e+00 +2.7144e-01 -2.9877e+00 -1.0249e+00 +5.3578e-01 -1.6785e+00 +2.1594e+00 -1.9405e+00 -4.3186e-02 +1.9654e+00 +1.2087e+00 -9.5465e-01 +2.9914e-01 -2.6869e-01 +1.0290e+00
4010437 +1.429366819e+03 +1.429366819e+03 +1.259446819e+03 +1.259446819e+03 -3.3528e+00 -2.9767e-01 +1.3936e+00 +3.8028e+00 +9.0436e-01 +4.1494e-01 -1.6531e-01 +3.3083e-01 -5.2483e-01 +1.0477e+00 -1.5323e+00 +1.2300e+00 -8.7081e-01 +2.3376e+00 +4.3362e-01 +6.0531e-01 -4.8295e-01 +3.0875e+00 -6.6091e-02 +2.5692e+00
20207469 +1.282647929e+03 +1.282647929e+03 +1.112727929e+03 +1.112727929e+03 -2.2113e+00 +2.0988e+00 +1.2796e+00 +1.6259e+00 +1.0298e+00 -3.0642e+00 -2.1339e+00 +3.1998e-01 +1.0917e-01 +5.3152e-01 +2.7109e-02 +1.6761e+00 -1.5546e+00 -4.9712e-01 +5.1424e-01 +2.5515e+00 -5.5687e-01 +1.4745e+00 -1.9612e+00 +2.4893e+00
75833257 +6.116499993e+02 +6.116499993e+02 +4.417299993e+02 +4.417299993e+02 -2.6335e+00 +1.4020e+00 +1.2582e+00 +4.1296e+00 -1.9436e+00 -3.0943e+00 -8.1309e-01 -3.7306e-01 -1.6996e+00 +3.3899e-01 +2.7670e-02 +5.9474e-01 -5.9862e-01 +5.4923e-01 +7.4860e-01 +7.9848e-01 -1.9321e+00 +5.4967e-01 -1.4940e+00 +5.9261e-01
% function evaluation | noise-free fitness - Fopt (-1.805400000000e+02) | best noise-free fitness - Fopt | measured fitness | best measured fitness | x1 | x2...
1 +1.932467730e+05 +1.932467730e+05 +1.930662330e+05 +1.930662330e+05 +3.2736e+00 +3.7785e+00 -6.1137e-01 -3.7608e+00 +3.9235e+00 -6.7544e-01 -5.8853e-01 +2.8746e+00 +1.9603e+00 +2.5040e+00 +5.1897e-01 +3.4183e+00 -2.6187e+00 +3.1120e+00 +2.3636e+00 -4.2613e+00 +3.0816e+00 +3.4449e+00 -3.2320e+00 +4.6152e+00
4 +1.332503212e+05 +1.332503212e+05 +1.330697812e+05 +1.330697812e+05 +5.6798e-01 +8.7282e-01 -4.8224e+00 -4.9096e+00 +3.6488e+00 +4.6418e+00 -1.0693e+00 -3.5506e+00 +7.8797e-01 -4.3700e+00 +2.0552e+00 +6.3218e-01 +3.9554e+00 +3.1457e+00 -4.3113e-01 +2.1544e+00 +1.1135e+00 -1.0286e+00 -1.7984e+00 +4.9268e+00
5 +1.088786295e+05 +1.088786295e+05 +1.086980895e+05 +1.086980895e+05 +3.8333e+00 +4.3982e+00 +2.9383e+00 +4.3838e+00 -3.0548e+00 -2.5895e+00 +9.4092e-01 -2.4152e+00 -2.9580e+00 -4.0591e+00 +2.6933e+00 -4.0207e+00 +1.0373e+00 -3.8165e+00 +3.3143e+00 +8.2743e-01 -1.0110e+00 +3.2937e+00 -4.3363e+00 +1.5840e+00
6 +9.935725272e+04 +9.935725272e+04 +9.917671272e+04 +9.917671272e+04 +2.5751e+00 +2.4987e+00 -4.0926e+00 +2.4429e+00 +2.6635e+00 +2.4513e+00 -2.0513e+00 +4.0846e+00 +8.6512e-01 +2.0099e+00 +4.3114e+00 -2.8050e+00 -4.3568e+00 -3.8256e+00 -1.0355e+00 +1.0848e+00 +3.0115e+00 -4.0281e+00 -2.9219e+00 +3.1237e+00
10 +3.969982677e+04 +3.969982677e+04 +3.951928677e+04 +3.951928677e+04 -2.0285e+00 -2.0197e+00 +3.3399e+00 -1.1291e-01 +4.3359e+00 +2.8896e+00 +4.6516e+00 +1.0043e+00 -4.1143e+00 -8.1289e-01 +3.2983e+00 -6.4487e-01 +3.7087e+00 -2.2971e+00 +1.5151e-01 -2.7007e-01 +3.9888e+00 -3.4782e+00 -2.5316e-01 +3.6224e+00
272 +2.838858830e+04 +2.838858830e+04 +2.820804830e+04 +2.820804830e+04 -2.4704e+00 -2.8048e+00 -2.5476e+00 +5.1478e-01 +1.5968e+00 +3.4727e+00 -5.5619e-01 +2.6126e+00 -4.1094e-01 +2.0861e+00 +2.4760e+00 +2.6476e+00 +5.9543e-01 -1.9741e+00 +2.1799e+00 -1.5636e+00 +2.2604e+00 -3.5216e+00 -2.5102e+00 +1.8882e+00
368 +2.379640369e+04 +2.379640369e+04 +2.361586369e+04 +2.361586369e+04 -2.4255e+00 -1.1050e+00 +2.3363e+00 -1.1738e+00 -2.5271e+00 +6.5081e-01 +4.8631e+00 -7.2321e-01 +1.6085e+00 +2.6958e+00 -7.0358e-01 +8.6601e-01 +2.2186e+00 +4.8379e-01 +1.7003e+00 -4.1124e+00 +1.9736e+00 -3.7411e+00 -2.1717e+00 +2.6748e+00
479 +1.679667667e+04 +1.679667667e+04 +1.661613667e+04 +1.661613667e+04 -9.6608e-01 +2.4271e+00 +2.8492e+00 +5.9772e-01 +2.3376e+00 -7.1837e-01 +2.0206e+00 -3.6604e+00 +2.3981e+00 -1.7688e+00 +3.6347e+00 -3.0266e+00 +1.9931e+00 -1.9025e+00 +1.0961e+00 -4.3036e-01 +3.3453e+00 -3.1651e-01 -3.4851e+00 +2.1490e+00
2896 +1.500731854e+04 +1.500731854e+04 +1.482677854e+04 +1.482677854e+04 +1.5189e+00 +2.1179e+00 +1.0236e+00 -4.9387e-01 +1.9551e+00 -1.5953e+00 +3.1578e+00 -6.5444e-02 +2.2036e+00 +2.2170e+00 +1.7196e+00 -1.2092e+00 -1.4318e+00 -4.2748e+00 +2.8072e+00 -2.5859e+00 +2.0556e+00 -1.5075e+00 -2.5478e+00 +3.7943e-01
14866 +1.341298190e+04 +1.341298190e+04 +1.323244190e+04 +1.323244190e+04 +4.7427e-01 +2.0598e+00 -1.0799e+00 -2.4685e+00 -7.7882e-01 -8.6527e-01 -1.9344e+00 -4.0876e+00 +5.3546e-01 +1.0579e+00 +3.2300e+00 -2.8162e+00 +2.0534e+00 -2.4784e+00 -8.5105e-01 -4.2180e+00 +1.3941e+00 +4.6130e-01 -3.0780e+00 +2.3016e+00
17489 +1.090139728e+04 +1.090139728e+04 +1.072085728e+04 +1.072085728e+04 +9.4290e-01 +8.5303e-01 +2.7913e+00 -5.6322e-01 +1.8661e+00 +3.0288e+00 +4.0474e+00 -9.9987e-01 -2.3705e+00 +2.1152e+00 +1.9455e+00 -2.6173e+00 +9.9953e-01 -3.0504e+00 -2.1177e-01 -1.1454e+00 +1.8773e+00 -3.4790e-01 -3.1116e-02 +1.1467e+00
20305 +1.014297552e+04 +1.014297552e+04 +9.962435519e+03 +9.962435519e+03 +3.2305e-01 +8.6856e-01 -8.3925e-01 -4.4395e+00 -3.9123e+00 -1.7211e+00 -1.8469e+00 -3.9352e+00 -1.7453e+00 -3.4550e-01 +1.6565e-01 -1.7242e+00 +5.7238e-01 +2.1325e-01 +9.1002e-01 -8.4987e-01 -1.9248e-01 -4.8245e-01 -1.1033e+00 +2.7168e+00
30493 +5.931755573e+03 +5.931755573e+03 +5.751215573e+03 +5.751215573e+03 -3.3666e+00 +3.6708e+00 -5.4955e-01 -3.9253e-01 -2.0590e+00 -2.3172e+00 +1.6714e+00 -2.4899e+00 -2.0614e+00 +2.8528e-01 -9.8605e-01 -1.2390e+00 +2.8592e+00 -9.5425e-01 +9.4265e-01 +4.8850e-01 +6.5680e-01 -1.7545e+00 -1.3534e+00 +2.4692e+00
624354 +5.156083598e+03 +5.156083598e+03 +4.975543598e+03 +4.975543598e+03 +1.6383e+00 +3.5598e-01 +1.5228e+00 +4.8185e-01 -2.5442e+00 -2.0492e+00 +2.8289e+00 -1.1388e+00 -1.8529e+00 +9.5027e-01 +9.1207e-01 -2.7714e+00 -1.3600e-01 -2.4991e+00 -2.9315e-02 -2.2904e+00 +3.3428e+00 -1.8744e+00 -2.2142e+00 +2.7869e+00
1025294 +3.741182465e+03 +3.741182465e+03 +3.560642465e+03 +3.560642465e+03 -1.4428e+00 -1.8355e+00 -2.0594e-01 +2.3955e+00 +3.3686e+00 -2.0262e+00 +2.0816e+00 -2.2605e+00 -4.9409e-02 +2.6161e+00 -2.7908e-01 -1.7274e+00 +3.1222e+00 +5.4647e-02 +2.3780e+00 -2.7695e-01 +3.1363e+00 +6.7506e-02 -2.8417e+00 +9.6670e-01
1742663 +3.575946825e+03 +3.575946825e+03 +3.395406825e+03 +3.395406825e+03 +6.4999e-01 -3.5742e+00 -2.5613e+00 -6.4423e-01 -2.5008e+00 -3.1775e+00 -1.7889e+00 -3.0632e+00 +9.3483e-01 +2.2721e+00 +2.6525e+00 +6.3044e-01 +3.3416e+00 -2.1296e+00 +1.7263e+00 -2.4206e+00 +2.3027e+00 -2.1824e-01 -2.7232e+00 +2.3194e-01
12279092 +2.465260778e+03 +2.465260778e+03 +2.284720778e+03 +2.284720778e+03 -1.8083e+00 +1.6342e+00 -2.6424e-01 +2.0621e-02 -2.3694e+00 -2.3203e+00 +2.9965e-01 -2.3057e+00 +2.2427e+00 +1.8801e+00 +1.7205e+00 -1.5655e+00 -2.0082e-01 -3.7996e-01 +2.7660e+00 -5.9723e-01 +2.6696e+00 -1.7709e+00 -1.5162e+00 +2.4693e+00
28126198 +2.337385694e+03 +2.337385694e+03 +2.156845694e+03 +2.156845694e+03 -2.8677e+00 -1.9611e+00 +4.3999e-01 -2.5748e-01 -3.4715e+00 +9.3535e-01 +3.5482e+00 -1.3609e+00 +7.1667e-01 +5.4818e-01 +3.0724e+00 -1.2580e+00 +1.7907e+00 -2.0175e-01 +1.0117e+00 -2.2644e+00 +1.6721e+00 -6.5186e-01 -2.5502e+00 -1.3204e-01
31931671 +2.241836893e+03 +2.241836893e+03 +2.061296893e+03 +2.061296893e+03 -6.6009e-01 -2.1209e+00 -8.3612e-01 +2.6999e+00 +6.6150e-01 -2.0744e+00 +2.6917e+00 -1.6708e+00 -1.9901e+00 -7.5581e-01 -1.6355e-02 -2.7532e+00 +2.5769e+00 -6.4984e-01 +8.8987e-01 -1.7645e+00 +1.1318e+00 -7.4572e-01 -3.2487e+00 +1.1503e+00
41907020 +2.050214455e+03 +2.050214455e+03 +1.869674455e+03 +1.869674455e+03 +3.0038e+00 -2.4254e+00 -2.4807e+00 -3.6380e-01 +2.1021e+00 -3.4315e+00 +1.4277e+00 -2.4635e+00 -2.1797e+00 +1.1094e+00 +1.9292e+00 -7.6278e-01 +1.4468e+00 -2.0739e+00 +5.5298e-01 -1.9669e+00 +1.8058e+00 -8.3984e-01 -2.1472e+00 +2.2760e+00
55916440 +1.647453660e+03 +1.647453660e+03 +1.466913660e+03 +1.466913660e+03 -3.8661e+00 -1.3357e+00 +9.9013e-01 +1.2054e+00 -2.1135e+00 +1.9037e+00 +3.4936e+00 -2.5087e+00 +5.3934e-01 -1.9121e-01 +3.2580e+00 -8.6723e-02 +2.5263e+00 -2.2039e+00 -1.3195e-02 -2.0778e+00 +4.2743e-01 -2.7222e+00 -7.9523e-01 +8.4264e-01
58876549 +1.026099146e+03 +1.026099146e+03 +8.455591464e+02 +8.455591464e+02 -2.8911e+00 -2.0596e-01 -3.9629e-01 +2.5043e-01 -2.6185e+00 -2.3295e+00 -1.5022e+00 -2.5470e+00 -2.8819e+00 -8.4348e-01 +5.9542e-01 -2.2621e+00 +2.5779e+00 -6.7821e-02 +2.4439e+00 -9.1958e-01 +1.9925e+00 -4.9229e-01 -2.8977e+00 +1.0228e+00
72973920 +7.788377502e+02 +7.788377502e+02 +5.982977502e+02 +5.982977502e+02 -3.6247e-02 +3.2317e+00 -1.3173e+00 -4.5057e-01 -3.9938e+00 +1.7694e+00 +4.0192e-01 -3.2949e-01 -1.9517e+00 +2.4645e+00 +2.0026e+00 -2.2541e+00 +4.6325e-01 -2.9868e+00 +1.1128e+00 -5.9943e-01 +1.8931e+00 -6.5388e-01 -1.8997e+00 +7.8351e-01
88606662 +5.285017923e+02 +5.285017923e+02 +3.479617923e+02 +3.479617923e+02 -2.9359e+00 -2.9581e+00 -1.5508e+00 -1.1628e+00 -1.5233e+00 +9.2217e-01 +5.2598e-01 -2.7524e+00 -3.5518e-01 +2.9591e+00 +1.6902e+00 -2.8440e+00 +1.9069e+00 -5.7607e-01 +1.0006e+00 -1.8717e+00 +1.9048e+00 -8.5756e-01 -2.4296e+00 +1.1744e+00
198080193 +2.004505343e+02 +2.004505343e+02 +1.991053429e+01 +1.991053429e+01 -3.4154e-01 +2.4596e+00 -1.4030e+00 +1.4896e+00 +1.5709e+00 +7.4500e-01 +2.9902e+00 -2.0179e+00 -1.7405e+00 +2.0889e+00 +1.4754e+00 -3.8260e-01 +8.8228e-01 -2.0424e+00 +1.5551e+00 -2.4198e+00 +1.7872e+00 -3.9422e-01 -1.5684e+00 +1.4117e+00
% function evaluation | noise-free fitness - Fopt (9.752000000000e+01) | best noise-free fitness - Fopt | measured fitness | best measured fitness | x1 | x2...
1 +1.489387439e+05 +1.489387439e+05 +1.490362639e+05 +1.490362639e+05 -3.1730e+00 -3.5006e+00 -4.7266e+00 +2.5021e+00 +2.5980e+00 +1.1066e+00 +2.2611e+00 -3.3678e-01 -4.5740e-01 +3.6904e-01 -3.9351e+00 +2.0516e+00 +1.7157e+00 -3.2988e+00 -3.5648e+00 +1.8308e+00 -1.7020e+00 -4.6434e+00 +3.5617e+00 -3.0165e+00
3 +1.199762343e+05 +1.199762343e+05 +1.200737543e+05 +1.200737543e+05 +1.2687e+00 -1.4037e+00 -4.5268e+00 -2.4941e+00 -8.7976e-01 +1.7826e+00 -2.7785e+00 -4.5636e+00 -3.0175e+00 -2.2763e+00 -3.2490e+00 +1.7549e+00 -2.5268e+00 -3.9654e+00 +4.4880e+00 -4.8889e+00 -4.7328e+00 +1.4996e+00 -1.4746e+00 +3.7313e+00
7 +1.138312806e+05 +1.138312806e+05 +1.139288006e+05 +1.139288006e+05 +4.8033e+00 -3.9790e+00 +1.3241e-01 +2.3382e+00 -2.3196e+00 -3.7789e+00 +4.1406e+00 -3.6040e+00 +2.5031e+00 +9.6213e-01 +4.3923e+00 -1.2508e+00 -4.2358e+00 -4.5923e+00 -1.4641e-01 -1.7037e+00 +8.9880e-01 +1.2597e+00 +1.8777e+00 -1.5648e+00
10 +8.822211082e+04 +8.822211082e+04 +8.831963082e+04 +8.831963082e+04 +3.0838e+00 +4.6980e+00 +2.4689e+00 -3.5060e+00 -1.5080e+00 +1.8140e-01 -4.6643e+00 +4.0142e+00 +4.7048e+00 +2.9296e+00 -1.3507e+00 -3.7690e+00 +4.9296e+00 -6.7844e-01 -9.9022e-01 -4.9281e-01 -2.0791e+00 -1.3617e+00 +3.4580e+00 +3.2039e+00
31 +8.503260397e+04 +8.503260397e+04 +8.513012397e+04 +8.513012397e+04 +8.1469e-01 -4.7611e+00 -3.8698e+00 -1.3745e+00 +1.4976e+00 -1.5071e+00 -1.9128e+00 -4.6243e+00 +2.5614e+00 -7.5056e-01 +1.8084e+00 -2.8646e+00 +1.3469e+00 -1.1119e+00 +1.3912e+00 +2.4026e+00 -1.0504e+00 +5.6694e-01 -1.0996e+00 +2.8867e+00
50 +7.430718211e+04 +7.430718211e+04 +7.440470211e+04 +7.440470211e+04 -3.9317e+00 -4.7123e+00 -4.5232e+00 -3.3264e+00 -2.7455e+00 -1.2970e-02 -5.6479e-01 -4.5665e+00 -4.9347e+00 -2.0151e+00 +9.7625e-01 +1.9252e+00 -3.2291e+00 -3.3380e+00 +2.1178e+00 -4.3088e-01 -2.5049e+00 +1.2453e+00 -9.1816e-02 +1.5981e+00
54 +7.098898870e+04 +7.098898870e+04 +7.108650870e+04 +7.108650870e+04 +1.7079e-01 +3.5389e+00 -1.1307e+00 -1.2686e+00 +3.1969e+00 -3.3331e+00 +1.3407e+00 -1.0654e+00 -1.3031e+00 -3.6292e+00 -2.2747e+00 +2.7795e+00 -4.2701e+00 -1.3412e+00 -3.6622e+00 -2.8843e+00 +1.4026e+00 +4.9724e-01 +4.1140e+00 -2.7573e-01
60 +5.917230623e+04 +5.917230623e+04 +5.926982623e+04 +5.926982623e+04 -4.0787e+00 +1.3489e+00 +3.1636e+00 -2.1210e+00 -3.0588e+00 -1.9278e+00 +4.2609e-03 -4.5120e+00 -3.4044e+00 +4.7790e+00 -3.5685e-01 +2.2267e+00 +4.2364e+00 -1.3039e+00 +2.8301e-01 -2.0187e+00 -1.7509e+00 +4.3696e-02 -1.2619e-01 -1.5043e+00
187 +4.256622018e+04 +4.256622018e+04 +4.266374018e+04 +4.266374018e+04 -2.4107e+00 -3.4086e+00 -2.9916e+00 +2.0677e+00 +3.9809e+00 -2.9010e+00 +4.6244e+00 +3.2441e-01 +6.5359e-01 -8.3920e-01 +2.7657e+00 +4.6635e+00 +1.5650e+00 -5.3336e-01 -5.8095e-01 -3.7206e+00 -2.6109e-02 +2.5873e-01 +1.8328e+00 +4.1103e+00
242 +3.371670285e+04 +3.371670285e+04 +3.381422285e+04 +3.381422285e+04 +5.9068e-01 -3.0785e+00 +4.1971e+00 +2.2232e+00 -3.9183e+00 -3.6530e+00 +3.0278e+00 -1.9302e+00 -1.3925e+00 +4.8453e+00 -1.1983e+00 +4.5912e+00 +2.2917e-01 -6.8643e-01 -2.4860e+00 -2.4662e+00 -6.7957e-01 +2.4738e+00 +1.0737e+00 +4.2056e+00
287 +3.306478854e+04 +3.306478854e+04 +3.316230854e+04 +3.316230854e+04 +2.0671e+00 +1.5782e+00 -3.8274e+00 +3.5672e+00 +3.2781e+00 -2.8984e+00 +2.4515e+00 -1.5090e+00 +4.4946e+00 +1.6244e+00 -7.4657e-01 +3.5491e+00 -3.1193e+00 -1.1946e+00 -1.6771e-01 -2.3145e+00 +1.6152e+00 +2.1865e+00 +1.0328e+00 +2.7731e-01
580 +2.883260461e+04 +2.883260461e+04 +2.893012461e+04 +2.893012461e+04 +3.9868e+00 +7.9526e-01 -3.4838e+00 -9.0274e-02 +1.3446e+00 -4.6079e-01 -2.7767e+00 +1.3625e+00 -2.7873e+00 +4.8790e+00 -8.9437e-01 +2.2322e+00 +9.4034e-01 -8.8478e-01 -1.8466e+00 +1.6949e-01 +6.4617e-01 +1.8712e-01 +1.5164e+00 +1.5829e+00
1752 +2.621163061e+04 +2.621163061e+04 +2.630915061e+04 +2.630915061e+04 +4.4459e+00 -2.8945e+00 +8.4310e-01 -1.9070e+00 -4.3126e+00 -4.6215e+00 +7.3619e-01 +4.0906e-01 -6.9252e-01 +4.1255e+00 -1.1628e+00 +3.3172e+00 +2.5002e+00 -1.8377e+00 -8.4103e-01 -4.5857e+00 -1.5143e+00 +2.3140e+00 -1.3778e-01 +1.7352e+00
1927 +1.600112881e+04 +1.600112881e+04 +1.609864881e+04 +1.609864881e+04 +1.6099e+00 -4.3839e+00 +4.8944e-01 -1.1979e+00 -1.7977e+00 -3.5866e+00 +2.8703e+00 +1.4927e+00 -1.0935e+00 +7.2148e-01 +8.8676e-01 +4.9875e+00 -1.2324e+00 -1.4493e-01 +2.0224e-01 -8.8570e-01 -5.2524e-01 +3.2147e+00 +1.7607e+00 +9.0748e-01
3766 +1.407611175e+04 +1.407611175e+04 +1.417363175e+04 +1.417363175e+04 +7.7468e-01 +1.2196e+00 -1.3443e+00 +3.8088e+00 +1.3378e+00 +1.1829e+00 +7.5398e-01 -3.0690e+00 +5.4087e-01 +3.3364e+00 +2.7351e+00 +1.4221e+00 +2.9573e+00 +1.1067e+00 +2.3126e-01 -3.0973e+00 +4.5923e-01 +4.8733e-01 +1.7150e+00 +1.2660e+00
7073 +7.638298989e+03 +7.638298989e+03 +7.735818989e+03 +7.735818989e+03 +4.7391e+00 -2.7987e+00 +2.9873e+00 +1.7396e+00 +5.7026e-01 -2.5742e+00 +2.3713e-01 -3.1383e+00 +4.1883e-02 -3.8955e-01 -8.8626e-01 +1.4201e+00 -7.6968e-02 -3.8345e-01 -2.7657e+00 -4.9957e-01 -2.8818e+00 -7.0170e-03 +3.5845e+00 +8.4598e-01
59193 +4.798035948e+03 +4.798035948e+03 +4.895555948e+03 +4.895555948e+03 -2.6087e+00 +1.5773e+00 +1.4816e+00 +3.3087e+00 -4.0845e-01 -1.0575e+00 -3.5310e-01 +2.4305e+00 +3.3302e+00 +2.2880e+00 -5.8303e-01 +3.9086e-01 +2.6780e-01 -1.9871e+00 -6.2440e-01 -2.1371e+00 -2.6444e+00 +4.7492e-01 +1.2847e+00 +2.3535e+00
3945992 +4.570112528e+03 +4.570112528e+03 +4.667632528e+03 +4.667632528e+03 +8.1155e-01 -3.6149e+00 -9.7538e-02 -1.0588e+00 -1.2802e-01 -6.2640e-01 -9.9296e-01 -1.0465e+00 +2.8018e+00 -9.7824e-01 -3.6879e+00 +2.6344e-01 +2.0556e+00 -2.6797e+00 -2.2067e+00 -1.4497e+00 -3.3297e+00 +4.2139e-01 +2.4168e+00 +1.0875e+00
4122201 +3.904197694e+03 +3.904197694e+03 +4.001717694e+03 +4.001717694e+03 -3.5748e+00 +2.4696e+00 -2.4281e+00 -3.5702e+00 +1.5948e+00 +2.2744e+00 +3.9091e+00 -3.1784e-01 +2.6940e+00 -1.2892e+00 -2.0783e+00 +1.5500e+00 +1.6230e+00 -2.2582e+00 -1.9747e+00 -1.5422e+00 -2.3354e-01 +2.7890e+00 +1.0516e+00 +1.0539e+00
10744357 +3.305554495e+03 +3.305554495e+03 +3.403074495e+03 +3.403074495e+03 +1.0546e+00 +1.3851e-01 -3.4870e+00 -1.9469e+00 -1.3881e+00 -9.1127e-01 +1.1064e-01 -4.0664e+00 +1.6917e+00 +6.2021e-01 +2.0841e-01 +6.1600e-01 +9.1323e-01 -2.9840e+00 -7.6984e-01 -3.2093e+00 -1.7857e+00 +4.9106e-01 +1.2870e+00 +1.3821e+00
16481126 +1.327812017e+03 +1.327812017e+03 +1.425332017e+03 +1.425332017e+03 -8.2345e-01 +3.4768e+00 +3.2844e+00 +1.7587e+00 +3.9384e-01 +9.3755e-01 -8.6978e-02 +7.1263e-01 +4.3326e-01 +1.1243e+00 +6.8192e-01 +1.6297e+00 +1.6327e+00 -1.1297e-01 -1.7005e+00 -1.9847e+00 -1.7109e+00 +1.5498e+00 +2.6821e+00 +1.8119e+00
23955554 +6.966573701e+02 +6.966573701e+02 +7.941773701e+02 +7.941773701e+02 -5.8444e-01 +8.1342e-01 -1.6695e+00 +2.6891e+00 +2.6053e+00 +1.7883e+00 +3.0635e+00 -1.6261e+00 +6.1724e-01 +2.6853e+00 -6.6341e-02 +1.5152e+00 +1.3822e+00 +3.7578e-02 -1.0251e+00 -2.0760e+00 -2.1427e+00 +2.1107e+00 +1.5681e+00 +2.6834e+00
% function evaluation | noise-free fitness - Fopt (1.241000000000e+01) | best noise-free fitness - Fopt | measured fitness | best measured fitness | x1 | x2...
1 +2.668378264e+05 +2.668378264e+05 +2.668502364e+05 +2.668502364e+05 +3.5560e+00 +2.7491e+00 +4.9163e+00 +3.2010e+00 +3.3093e+00 -3.1881e+00 -4.1090e+00 +9.4264e-01 -3.6330e+00 +2.2604e+00 -1.9445e+00 +4.7387e-01 -1.9935e+00 +4.4837e-01 -1.6803e+00 -1.7497e+00 -4.9529e-01 +4.0285e+00 -1.4277e+00 -4.7964e+00
2 +1.980491464e+05 +1.980491464e+05 +1.980615564e+05 +1.980615564e+05 +3.5899e+00 -4.3452e-01 -1.8184e+00 -1.6635e+00 -2.4128e+00 -1.0413e+00 -3.3135e-01 +4.4505e+00 -2.6097e+00 -2.7698e+00 -4.5826e+00 -4.3248e+00 -2.9728e+00 -2.6780e+00 -3.9959e+00 -4.5648e+00 +3.8610e+00 -1.3326e+00 -2.5156e+00 +1.8842e+00
3 +1.121935213e+05 +1.121935213e+05 +1.122059313e+05 +1.122059313e+05 +2.0948e+00 +3.6616e+00 +4.7685e+00 -3.5717e+00 +4.2240e+00 -7.9876e-01 +3.5345e+00 +2.2927e+00 -1.6743e+00 -2.8297e-01 +2.4038e+00 +2.1429e+00 -2.9772e+00 -2.8103e+00 +8.4166e-01 +1.4975e-01 +2.1655e+00 -2.6852e+00 -1.5559e+00 +4.5139e+00
18 +7.059267125e+04 +7.059267125e+04 +7.060508125e+04 +7.060508125e+04 -2.9950e+00 +1.8836e+00 -2.4335e+00 -6.3271e-01 +3.3892e+00 +3.0722e-01 -1.2848e+00 +3.7299e+00 +1.1977e+00 -4.8716e+00 -4.0472e+00 +9.6762e-01 -2.2157e+00 +2.0263e+00 -2.5763e+00 -3.9220e+00 -1.3336e+00 -4.2464e+00 -3.5634e+00 +2.0487e-01
33 +6.668670060e+04 +6.668670060e+04 +6.669911060e+04 +6.669911060e+04 -3.4892e+00 +1.1034e+00 -2.8188e+00 -8.0995e-01 +1.2690e+00 +4.4137e+00 +2.1653e+00 +1.6638e+00 +1.7682e+00 +2.8346e+00 -1.3474e-01 +3.3276e+00 -4.7573e+00 +2.7892e+00 +9.3506e-01 -1.6859e+00 +5.5124e-01 -1.8414e+00 -2.9244e+00 +3.8339e-02
37 +4.529241205e+04 +4.529241205e+04 +4.530482205e+04 +4.530482205e+04 +4.2182e+00 +1.8239e+00 -2.7808e+00 +2.5580e+00 -1.1764e+00 -3.1293e-01 +1.2038e+00 +2.8467e+00 -2.6734e+00 +1.1939e+00 +2.4354e+00 +1.3316e+00 -2.3589e+00 +3.9949e+00 -2.5529e+00 -3.4152e-01 +8.1494e-01 +5.9134e-01 -1.0470e+00 +2.5574e-01
71 +3.159567029e+04 +3.159567029e+04 +3.160808029e+04 +3.160808029e+04 -2.6711e+00 +2.2817e+00 +2.4569e+00 +4.4727e+00 +3.9949e+00 -1.2530e+00 -4.1515e+00 +8.4250e-01 +1.5767e+00 +1.4461e+00 +3.5740e+00 +2.2240e+00 +1.7833e+00 +1.0348e+00 -1.0996e+00 +1.3233e+00 +2.2829e+00 +7.5065e-03 -4.7781e+00 +8.9210e-01
146 +2.712591182e+04 +2.712591182e+04 +2.713832182e+04 +2.713832182e+04 +9.3342e-02 +2.6122e+00 -5.6912e-02 +3.1609e+00 +7.3176e-01 +9.1032e-01 -1.2419e+00 -2.0842e-01 +7.9934e-01 -3.3430e+00 +3.9257e+00 +1.0501e+00 -7.2568e-01 +3.6188e+00 -2.4803e+00 -1.0805e+00 +3.8157e+00 -1.4380e+00 -2.2570e+00 -1.2345e+00
292 +2.173541984e+04 +2.173541984e+04 +2.174782984e+04 +2.174782984e+04 +2.1217e+00 -8.9580e-01 +4.0190e+00 -3.9371e+00 -1.0182e+00 -6.2756e-01 +3.5804e+00 -5.2757e-01 -1.6317e+00 -3.6879e+00 -5.1760e-01 +3.2692e+00 +2.5947e+00 -1.4661e+00 +1.0973e-01 -1.8067e+00 +6.9967e-02 -3.3975e+00 +4.5639e-01 +1.1866e+00
535 +1.891296921e+04 +1.891296921e+04 +1.892537921e+04 +1.892537921e+04 -1.5416e+00 +1.1070e+00 +2.8445e+00 -3.3344e+00 -8.2120e-01 -4.6710e+00 -3.0237e+00 +1.8469e+00 +2.1826e+00 +2.6888e+00 +5.1083e-01 +3.2844e+00 -2.1937e+00 +2.4333e+00 -3.1051e+00 -1.3577e+00 +2.2114e+00 -1.9377e+00 -1.4945e+00 +2.3499e+00
2357 +9.864161369e+03 +9.864161369e+03 +9.876571369e+03 +9.876571369e+03 -1.9537e+00 -2.0654e+00 +4.7511e+00 +1.8815e+00 -3.1492e+00 +2.3171e+00 +1.0770e-01 -4.6717e+00 +1.0123e+00 +1.2775e+00 +9.2158e-01 +2.2151e-01 +3.1771e+00 +1.6259e+00 -3.3773e+00 -4.1408e-01 +2.2166e+00 -2.1891e+00 -4.6067e-01 +1.7417e+00
36198 +9.467294556e+03 +9.467294556e+03 +9.479704556e+03 +9.479704556e+03 -3.2761e+00 -2.4494e+00 -1.8964e-01 +4.7841e+00 +1.5266e+00 -1.2175e+00 +1.0903e+00 +8.4712e-01 -2.2705e+00 -1.7315e+00 +7.8006e-01 +5.2114e-01 -1.4455e-01 +3.6322e-01 +3.8578e-02 -2.2318e+00 +1.4832e+00 -2.6314e+00 -7.9905e-01 +1.8353e+00
72467 +8.034831925e+03 +8.034831925e+03 +8.047241925e+03 +8.047241925e+03 -2.9463e+00 +4.5368e+00 +3.9746e+00 -2.4130e+00 +7.8293e-01 -4.0588e+00 -1.2772e+00 -3.3416e-02 +1.2166e+00 +1.1024e-01 -5.5325e-01 -1.8179e-01 +3.5172e+00 -1.4900e+00 -1.4862e+00 -1.9507e+00 -1.0190e-01 -2.9196e+00 -1.1195e+00 +2.0197e+00
135018 +7.040125616e+03 +7.040125616e+03 +7.052535616e+03 +7.052535616e+03 +5.1349e-01 +1.1921e+00 -2.0297e+00 -3.3779e-01 -1.9803e+00 +6.3905e-01 +1.1365e+00 +2.4350e-01 +5.9011e-01 -1.9934e+00 -2.1860e+00 +2.5030e+00 -2.0580e-01 +1.9497e-01 -1.7077e+00 -1.3728e+00 +1.7660e+00 -2.1416e+00 -2.5097e+00 -4.9619e-03
590608 +6.533660038e+03 +6.533660038e+03 +6.546070038e+03 +6.546070038e+03 +3.0796e+00 -1.9745e+00 +9.3811e-02 +4.2748e+00 -1.7143e+00 +1.5707e+00 +1.6417e-01 +5.1019e-01 +5.5177e-01 -2.1588e-01 +4.1261e-01 -8.0120e-01 -3.5551e-01 +6.0045e-01 -7.4126e-01 -8.5528e-01 +3.2783e+00 +8.0784e-02 -1.1535e+00 +2.8684e+00
866560 +4.884426667e+03 +4.884426667e+03 +4.896836667e+03 +4.896836667e+03 +3.1089e+00 -3.7074e+00 +1.0053e+00 +1.0494e+00 -5.0609e-01 +2.0290e+00 +8.3096e-01 -2.1030e+00 +3.8489e+00 -1.9874e-01 +2.0820e+00 -9.7454e-01 +2.1048e+00 +2.8519e-02 -3.9707e-01 -2.5191e+00 +1.8709e+00 -1.7863e+00 -1.3860e+00 +2.3619e+00
1185347 +2.200899703e+03 +2.200899703e+03 +2.213309703e+03 +2.213309703e+03 -2.9931e+00 +1.9727e+00 +1.5761e+00 +1.7225e+00 -2.2784e+00 -2.7196e+00 +6.7827e-01 -1.5935e+00 +2.7344e+00 -2.7802e+00 -2.6647e-01 -6.5855e-01 +3.0125e+00 +1.3260e+00 -7.2073e-01 -1.3476e+00 +2.4803e+00 -2.0788e+00 -1.5617e+00 +1.3049e+00
4565849 +8.096595784e+02 +8.096595784e+02 +8.220695784e+02 +8.220695784e+02 +2.0955e+00 +3.4370e-01 +5.3015e-02 +2.5350e+00 +1.2613e+00 -1.0898e+00 -7.0828e-01 -1.0042e+00 -6.3055e-01 -1.5184e-01 +2.6998e+00 +8.7619e-01 +1.0950e+00 +2.4286e-01 -2.2011e+00 +2.5413e-01 +2.1777e+00 -1.8635e-01 -2.0427e+00 +1.5891e+00
% function evaluation | noise-free fitness - Fopt (1.090700000000e+02) | best noise-free fitness - Fopt | measured fitness | best measured fitness | x1 | x2...
1 +2.361369175e+05 +2.361369175e+05 +2.362459875e+05 +2.362459875e+05 -1.9288e+00 +4.3653e+00 -1.4142e+00 -8.8618e-01 -1.0946e+00 +3.4959e+00 -1.1251e-01 -3.6381e+00 +3.5960e+00 -4.1457e+00 -1.9875e+00 +3.3708e+00 +1.8458e+00 +1.5783e+00 +2.5233e+00 -1.5601e+00 -2.3941e+00 +1.2370e+00 +2.8545e-01 -2.6980e+00
2 +8.509469967e+04 +8.509469967e+04 +8.520376967e+04 +8.520376967e+04 -2.0978e+00 +3.8066e+00 -4.7336e+00 -1.7049e+00 +1.1057e+00 -1.4236e+00 -2.4023e+00 +2.6098e+00 -6.1945e-02 +4.4732e+00 +1.2803e+00 +1.0645e+00 -3.4391e+00 -1.4195e+00 +1.1099e+00 -2.4110e+00 +9.0131e-01 +2.1960e+00 +7.4934e-01 +1.3531e+00
27 +5.057200267e+04 +5.057200267e+04 +5.068107267e+04 +5.068107267e+04 +8.1557e-01 -4.7847e+00 +4.9971e+00 +2.5691e+00 +2.1505e+00 +1.0281e+00 -4.2665e+00 +1.0013e+00 -8.8478e-01 -8.5908e-01 +2.0344e+00 +1.5023e+00 -1.9495e+00 -1.5548e+00 -1.0197e+00 +3.5173e+00 +3.9235e+00 -2.9959e+00 -3.7838e-01 +3.6187e+00
114 +2.572369481e+04 +2.572369481e+04 +2.583276481e+04 +2.583276481e+04 -1.8284e+00 -4.7629e+00 -3.0266e+00 +8.6757e-01 +3.4877e+00 -1.7123e+00 -4.3828e+00 +2.2965e-01 -2.2381e+00 -7.1916e-01 -1.1076e+00 +7.3022e-01 -3.4540e+00 -1.8575e+00 -6.7711e-01 +1.0028e-01 +2.4236e+00 -3.2761e+00 +1.0642e+00 +1.3032e+00
296 +8.639428268e+03 +8.639428268e+03 +8.748498268e+03 +8.748498268e+03 -1.4818e+00 -4.9426e+00 -6.9574e-01 +4.2586e+00 -1.8847e+00 -5.0292e-01 +7.5365e-01 -3.5288e+00 +1.5755e+00 +1.3316e+00 +2.8009e+00 -3.0563e+00 -1.6341e+00 +1.1541e+00 -3.4680e-01 -1.4092e-01 +1.6391e+00 -2.0485e+00 +2.5098e+00 +4.5158e-01
25818 +5.499644821e+03 +5.499644821e+03 +5.608714821e+03 +5.608714821e+03 -3.1529e-01 +4.0017e+00 -2.1494e+00 -1.8013e+00 +3.1115e+00 +1.7164e+00 +1.8185e+00 -1.6916e+00 -2.0347e+00 -5.4407e-01 +3.1330e+00 +3.6457e-01 +1.1851e-01 +2.3717e+00 -2.0303e+00 +5.3739e-02 +1.2877e+00 -7.8483e-01 +1.9904e+00 +4.0597e-01
1071957 +5.006997134e+03 +5.006997134e+03 +5.116067134e+03 +5.116067134e+03 -4.9214e-01 -1.8801e+00 +3.3394e+00 +3.7350e+00 +1.7416e+00 +1.4307e-01 -2.1386e+00 -1.8481e+00 -9.7435e-02 -1.1458e+00 +9.9729e-01 -2.3315e+00 -4.3984e-01 +7.1902e-01 -7.1578e-02 +1.1455e+00 +1.6132e+00 -2.6626e+00 +1.4992e+00 +2.2522e+00
1828885 +4.706273564e+03 +4.706273564e+03 +4.815343564e+03 +4.815343564e+03 -2.9775e+00 +2.5747e+00 +1.3938e+00 -5.4988e-01 -1.4645e+00 -1.0155e+00 -1.7442e+00 -2.0431e+00 +2.7387e+00 +2.3668e+00 -9.1585e-01 +3.5704e-01 -1.7466e-01 +2.6365e+00 -2.5822e+00 +2.3779e+00 +6.1358e-01 -3.3167e+00 +4.9255e-01 +2.8674e+00
2408159 +4.181626999e+03 +4.181626999e+03 +4.290696999e+03 +4.290696999e+03 -3.4754e+00 -2.6518e+00 -2.9392e+00 -3.2681e+00 +2.4884e+00 -2.5435e-01 -1.8362e+00 -9.4043e-02 +1.3007e+00 -1.1803e+00 +2.3461e-01 -1.8830e+00 -1.5515e+00 +1.3939e+00 -8.9959e-01 +7.0556e-01 +2.2117e+00 -2.4329e+00 -2.3767e-01 +2.0807e+00
3659239 +3.875285466e+03 +3.875285466e+03 +3.984355466e+03 +3.984355466e+03 +2.3514e+00 -1.7006e+00 -2.1628e-01 +2.3404e+00 +2.1066e+00 +9.4158e-01 -1.9031e+00 -2.4464e-01 +5.6407e-01 +2.8437e+00 +1.2336e+00 +2.1929e-01 -3.9156e+00 +6.1980e-01 -3.4543e+00 +3.9107e-01 +3.0496e+00 -1.9376e+00 +8.4583e-01 +2.0191e+00
3879759 +2.533883034e+03 +2.533883034e+03 +2.642953034e+03 +2.642953034e+03 -5.2211e-01 -2.4173e+00 -1.5461e+00 +2.8638e+00 +4.4058e-01 -7.4257e-01 -3.3205e+00 -2.1916e+00 -8.7291e-01 +1.1875e+00 -3.1789e-01 -2.3111e+00 -8.8933e-01 +1.0088e+00 -2.7179e+00 +1.6921e+00 -1.3041e-01 -1.0118e+00 +1.1812e+00 +3.3453e-01
10265374 +1.456759333e+03 +1.456759333e+03 +1.565829333e+03 +1.565829333e+03 +2.2000e+00 +2.6915e+00 -2.1681e+00 -1.0573e+00 +6.6879e-01 +1.2824e+00 -2.1472e+00 +1.0966e+00 +5.1687e-01 +1.9474e+00 +1.5310e+00 -3.1085e+00 -6.0552e-01 +2.8059e+00 +8.6115e-02 +2.6035e+00 +3.5230e-01 -2.2650e+00 +6.6177e-02 +2.5883e+00
67666992 +1.095480630e+03 +1.095480630e+03 +1.204550630e+03 +1.204550630e+03 -9.2254e-02 -2.5326e+00 +5.8449e-01 +2.2218e+00 +1.8424e+00 -1.4737e+00 +9.4252e-01 -7.5175e-01 -5.2799e-01 +3.3938e+00 +1.3201e+00 -1.8468e+00 -2.5294e+00 +1.8040e+00 -2.4832e+00 +8.7382e-01 +2.4118e+00 -1.2982e+00 +1.1689e+00 +1.6541e+00
