% function evaluation | noise-free fitness - Fopt (1.000000000000e+03) | best noise-free fitness - Fopt | measured fitness | best measured fitness | x1 | x2...
1 +2.866417638e+03 +2.866417638e+03 +3.866417638e+03 +3.866417638e+03 -4.3342e+00 -2.9001e+00 +3.5227e+00 -7.8903e-01 -4.3070e+00 +3.2291e-01 -3.1289e+00 -8.1556e-01 -3.6550e+00 -4.2706e+00 +4.2051e+00 -1.2945e-01 -4.8891e+00 +3.7175e+00 +1.6126e+00 -2.8117e-01 +4.9738e+00 -3.7972e+00 +1.2364e+00 -2.9306e+00
2 +9.267410620e+02 +9.267410620e+02 +1.926741062e+03 +1.926741062e+03 +6.1284e-01 -3.1066e+00 +2.7991e+00 -5.5628e-01 +1.4927e+00 -3.9346e+00 -5.4154e-01 -1.1458e-01 -3.8131e-01 +2.8834e+00 -3.2283e+00 -3.7934e+00 +2.1254e+00 +3.6436e+00 +3.7546e+00 -2.3926e+00 +3.7115e+00 -4.0994e+00 +1.2380e+00 -3.7178e-01
23 +6.991914595e+02 +6.991914595e+02 +1.699191460e+03 +1.699191460e+03 -2.1187e+00 +4.3293e+00 +3.8146e+00 +3.0033e+00 -2.8261e+00 +2.1122e+00 -3.4918e+00 +4.1012e+00 -9.2672e-02 +1.9898e+00 -3.6776e+00 +8.0616e-01 -4.0247e+00 +4.3761e-01 +3.0314e-01 +2.6197e+00 +3.0062e+00 -4.4858e+00 -4.7426e+00 -3.0159e+00
556 +5.740084100e+02 +5.740084100e+02 +1.574008410e+03 +1.574008410e+03 +2.3413e+00 +4.0315e+00 +3.4737e+00 +1.4467e+00 +2.6033e+00 -2.5216e+00 +2.1228e+00 -8.8708e-01 -4.5985e+00 -1.0195e+00 +3.5778e+00 -3.7879e+00 +5.4201e-01 +1.1057e+00 -2.6578e-01 +4.1928e+00 -1.1750e-01 +9.0603e-01 +1.1832e+00 -3.1037e-01
979 +5.509067822e+02 +5.509067822e+02 +1.550906782e+03 +1.550906782e+03 -1.5316e+00 +1.5785e+00 +2.1953e+00 -7.1964e-01 +2.2892e+00 -3.5044e+00 +3.4852e-01 +4.0466e+00 -4.1915e-01 +2.3750e+00 +1.1642e-01 +5.1689e-01 +1.2764e+00 -4.0370e+00 +4.3208e+00 +4.1559e+00 +2.4685e+00 -3.3301e+00 +3.1458e+00 -1.0695e+00
1856 +4.959376364e+02 +4.959376364e+02 +1.495937636e+03 +1.495937636e+03 +4.0048e-01 +7.7169e-01 -6.5397e-01 +1.3789e-01 +3.2272e+00 -1.6729e-01 -3.8616e+00 +3.2344e+00 -2.2646e+00 -4.9143e-01 -3.8373e+00 -3.4591e+00 -3.4198e+00 -4.1638e+00 +1.9731e+00 -1.8426e+00 +4.8510e+00 -3.8634e-01 +5.0124e-03 +1.7542e+00
4869 +4.888000114e+02 +4.888000114e+02 +1.488800011e+03 +1.488800011e+03 -1.9036e+00 +6.8762e-01 +2.8961e+00 +3.8449e+00 +3.2804e+00 -7.2149e-01 -2.5065e+00 +1.2486e+00 -1.8173e+00 -4.8271e+00 -2.7304e+00 -1.9720e+00 +1.0778e+00 +3.1768e+00 +4.3808e+00 +2.1699e+00 +9.6634e-01 +3.1650e+00 -1.3916e+00 -3.0351e+00
14716 +4.253721288e+02 +4.253721288e+02 +1.425372129e+03 +1.425372129e+03 -3.3313e-01 +3.7913e+00 +4.7904e-01 +1.3911e+00 +4.2142e+00 -2.9014e+00 +2.2980e-01 +4.1729e+00 -4.5670e+00 -3.0452e-01 -1.3784e+00 -4.7695e+00 +3.3601e-01 -3.5384e+00 -2.8877e+00 -1.0581e-01 +2.1547e+00 +1.3559e+00 +9.6215e-01 -1.9640e+00
120981 +4.022528512e+02 +4.022528512e+02 +1.402252851e+03 +1.402252851e+03 -3.2970e+00 +4.1005e+00 +1.0508e+00 +3.5952e+00 -2.9934e-01 -3.0771e-01 -5.0802e-01 -4.7330e-01 -4.9254e+00 -3.1498e-01 -2.1720e+00 -2.5185e+00 +1.9950e+00 -1.2624e+00 -1.0736e+00 +2.9301e+00 +3.6961e+00 -4.6587e-01 -1.8402e+00 -9.7517e-01
211695 +3.940887165e+02 +3.940887165e+02 +1.394088716e+03 +1.394088716e+03 +5.2163e-01 +4.4416e+00 +4.9813e+00 +1.9370e+00 -6.5837e-04 -1.3057e+00 -2.3085e+00 +2.7979e+00 +1.0055e-01 +2.4956e+00 -1.3918e+00 -2.5630e+00 -1.0938e+00 +7.3629e-01 +1.6655e+00 +4.6947e+00 +1.9086e+00 -3.2819e+00 -1.3931e+00 -5.9020e-01
401964 +3.606423905e+02 +3.606423905e+02 +1.360642390e+03 +1.360642390e+03 +5.5468e-02 +2.5336e+00 +4.3258e+00 +2.0476e+00 +4.2443e+00 -5.5598e-01 -3.3579e+00 -1.0627e+00 -1.7104e+00 -4.3669e-01 -3.3131e+00 -1.3999e+00 +1.7606e+00 -2.7606e+00 +1.6785e+00 +1.9903e+00 +4.1169e+00 +4.5497e-02 +7.9545e-01 +1.4642e+00
1086394 +3.377740944e+02 +3.377740944e+02 +1.337774094e+03 +1.337774094e+03 -1.7323e-01 +4.5383e+00 +3.9043e+00 +1.6194e+00 +2.6108e+00 -1.5794e+00 -4.3737e+00 +7.3772e-02 +4.2932e-01 -1.5691e+00 -3.1393e+00 -4.1081e-01 -2.3462e+00 +7.2241e-02 +1.3293e+00 +3.5540e+00 +3.3881e+00 -3.0813e+00 -3.9047e+00 -1.5365e-01
1474281 +3.189163288e+02 +3.189163288e+02 +1.318916329e+03 +1.318916329e+03 -2.1080e-01 +4.3387e+00 +1.9762e+00 +2.2573e+00 +2.9682e+00 -1.6258e+00 -6.0866e-02 +2.9373e+00 -3.0391e+00 +7.6477e-01 -7.1043e-01 +6.2443e-01 +6.5958e-01 -2.6815e+00 +4.2529e+00 +2.8519e+00 +2.6228e+00 -2.3479e+00 -1.7059e+00 +1.6687e-01
1585036 +3.029417857e+02 +3.029417857e+02 +1.302941786e+03 +1.302941786e+03 -3.9097e+00 +3.6901e+00 +3.3610e+00 +4.3403e+00 +3.1196e+00 -4.6197e+00 -3.7218e-01 +9.6901e-01 +2.0154e-01 -2.6353e+00 -1.4205e+00 -6.1773e-01 -1.9074e+00 -4.8159e+00 +1.3173e+00 +3.5934e+00 +3.0278e+00 -2.7518e+00 -3.2566e+00 +1.8829e+00
5713794 +3.005351097e+02 +3.005351097e+02 +1.300535110e+03 +1.300535110e+03 -1.3494e+00 +2.2808e+00 +4.3178e+00 +4.6456e+00 +4.0488e+00 -6.1277e-01 -1.0328e+00 +5.0884e-01 +1.5173e+00 +6.5707e-01 -7.7631e-01 -1.1758e+00 -2.8863e-02 -2.5842e+00 +4.4442e+00 +3.7005e+00 +3.6331e+00 -2.2177e-01 -2.5774e-01 +1.0439e+00
7508091 +2.488122239e+02 +2.488122239e+02 +1.248812224e+03 +1.248812224e+03 -5.3536e-01 +2.7575e+00 +1.2656e+00 +3.9884e+00 +3.9309e+00 -1.6605e+00 +1.5074e+00 +6.1277e-01 -1.0427e+00 -8.8917e-01 -2.3359e+00 -4.3776e+00 -1.5679e+00 -4.5445e+00 +1.8674e+00 +4.8090e+00 +1.0533e+00 +3.4830e-01 -9.0603e-01 -2.2691e-01
164245043 +2.440947476e+02 +2.440947476e+02 +1.244094748e+03 +1.244094748e+03 -4.6459e+00 +4.1040e+00 +3.8721e+00 +4.5273e+00 +2.0773e+00 -2.5362e+00 -2.6060e+00 -1.6705e+00 -2.5061e+00 +4.3421e-02 -1.1627e+00 -1.6360e+00 +1.1901e-01 -4.4422e+00 +3.2395e+00 +2.6827e+00 +3.4295e+00 -8.1023e-01 -6.7458e-01 -2.8155e+00
% function evaluation | noise-free fitness - Fopt (7.003000000000e+01) | best noise-free fitness - Fopt | measured fitness | best measured fitness | x1 | x2...
1 +1.433115345e+03 +1.433115345e+03 +1.503145345e+03 +1.503145345e+03 +1.6523e+00 -1.4683e+00 -2.6931e+00 +1.8380e+00 +2.8165e+00 -2.0213e+00 -2.1566e+00 +5.6369e-01 +1.5705e+00 +3.5389e+00 +3.8696e+00 +1.8330e+00 -3.7489e+00 -4.3294e+00 -6.4136e-01 -4.0777e+00 +8.1355e-01 +4.0083e+00 +1.9501e+00 +2.6822e-01
23 +1.085672856e+03 +1.085672856e+03 +1.155702856e+03 +1.155702856e+03 +4.8669e-01 -3.4239e+00 -2.9937e+00 -3.4679e+00 -9.3120e-02 +2.5595e+00 -3.8748e+00 +1.2305e+00 +1.7093e+00 -9.3634e-01 +2.3855e-01 +4.4611e-01 +3.7411e+00 +3.5326e+00 +9.6321e-01 -2.5846e+00 +2.1972e+00 -7.5114e-01 +3.0483e-01 +2.7098e+00
29 +9.721957764e+02 +9.721957764e+02 +1.042225776e+03 +1.042225776e+03 -5.9591e-01 -4.9162e+00 -1.0150e+00 -7.5446e-01 -1.7567e-01 +5.4441e-01 -3.5536e+00 +4.2323e+00 +2.2033e+00 -3.6334e+00 +3.7823e-02 -4.9008e+00 +6.9474e-01 +9.9460e-01 +2.6521e+00 -3.2423e+00 +4.5136e+00 +2.5159e+00 +4.0010e-02 +4.9530e-01
43 +7.764220376e+02 +7.764220376e+02 +8.464520376e+02 +8.464520376e+02 -1.3520e+00 +6.6831e-01 +1.1311e+00 +1.4139e+00 -5.9483e-01 +1.0157e+00 -2.0514e+00 +3.9892e+00 -3.6683e+00 -3.2729e+00 -3.0325e+00 -7.4166e-01 +4.4491e+00 -2.8752e+00 +1.1959e+00 -1.5790e+00 +2.7140e+00 +1.8094e+00 -4.5562e+00 +3.4503e-02
193 +7.656780019e+02 +7.656780019e+02 +8.357080019e+02 +8.357080019e+02 -2.6601e+00 -1.3791e+00 -4.2144e+00 +1.7738e+00 -2.7301e+00 +2.4720e+00 -3.0962e+00 +1.5520e+00 +3.5901e+00 -4.6574e+00 +2.6039e-02 -7.9679e-01 +3.8316e+00 -5.4627e-01 +2.4926e+00 +9.1246e-01 -1.0075e+00 -5.1450e-01 -3.7117e+00 +5.2423e-01
432 +7.365282418e+02 +7.365282418e+02 +8.065582418e+02 +8.065582418e+02 -4.2367e+00 -2.1814e+00 -1.5360e+00 +3.0287e+00 +1.4025e+00 -4.1118e+00 +6.3769e-01 -1.5405e+00 -2.1261e+00 -4.1353e-01 +3.2860e+00 -5.6152e-01 +1.5143e+00 -3.4059e+00 +7.7680e-01 +1.4497e+00 -3.7816e+00 +9.7312e-01 -7.7739e-01 +4.0381e+00
469 +6.926010724e+02 +6.926010724e+02 +7.626310724e+02 +7.626310724e+02 +5.7946e-02 -2.0301e-01 -1.4570e+00 +3.9626e+00 -1.0489e+00 -2.7413e+00 -1.2547e+00 +2.3554e-01 -3.4304e+00 -4.7419e+00 +2.9589e+00 -3.3983e+00 +4.4953e+00 +2.1527e+00 -8.9027e-01 -3.8466e-01 +2.1464e+00 +3.0613e+00 -3.7518e+00 +2.7359e+00
652 +6.653106675e+02 +6.653106675e+02 +7.353406675e+02 +7.353406675e+02 -1.0182e+00 -1.9224e+00 -4.3171e+00 +2.5053e+00 +3.0727e+00 -2.1647e+00 +1.8296e-01 +9.5557e-01 +7.2951e-01 +5.2266e-01 -4.5682e-01 -2.1387e+00 +3.5817e+00 -1.5083e-01 +3.1947e+00 -4.5686e+00 -2.1617e+00 +2.3125e+00 -1.5253e+00 -4.4055e+00
1231 +6.279048322e+02 +6.279048322e+02 +6.979348322e+02 +6.979348322e+02 -1.1362e-01 -9.8930e-01 -2.2532e+00 -2.7188e+00 +1.2038e-01 -4.3998e+00 +3.2526e-01 +2.8874e+00 -4.9596e+00 +2.4853e+00 -3.6309e+00 -1.5574e+00 +4.2900e+00 -2.4475e+00 +1.1654e+00 +1.9322e-01 -4.4720e+00 +1.0875e+00 -4.3096e+00 -1.7680e+00
1291 +5.731625817e+02 +5.731625817e+02 +6.431925817e+02 +6.431925817e+02 -2.1852e+00 -3.6110e+00 -4.9343e+00 +4.1958e+00 -3.9056e+00 -4.5794e+00 +1.2953e+00 -2.2632e+00 +2.0531e-01 -2.4892e+00 -1.8785e+00 -4.0458e-01 +1.2485e+00 -3.8040e+00 -2.1343e+00 -4.2251e+00 +2.2049e+00 -8.0208e-01 -3.9156e+00 +1.4127e+00
3290 +5.304038268e+02 +5.304038268e+02 +6.004338268e+02 +6.004338268e+02 -2.1678e+00 -1.8285e-01 -2.5531e+00 -2.0790e+00 +1.2793e+00 -4.3763e+00 -2.6000e+00 +3.9057e+00 +3.8225e-01 +7.5606e-01 +4.2094e+00 +7.1208e-01 +4.3706e+00 -7.4112e-02 -3.4821e+00 -4.9475e+00 -2.8981e+00 -2.4986e+00 -4.3219e+00 +2.2617e+00
5663 +4.755755374e+02 +4.755755374e+02 +5.456055374e+02 +5.456055374e+02 -1.1223e+00 -2.1614e+00 +9.3406e-01 +1.6421e-02 +6.4811e-01 -4.9014e+00 -4.6281e+00 -1.1007e+00 -3.4318e+00 +2.9904e+00 +6.0581e-02 -2.6779e+00 +3.6422e+00 -2.1367e-01 +3.4104e+00 -3.6471e+00 -7.2196e-03 +3.9233e+00 -2.7013e+00 +5.2105e-01
43271 +4.109953927e+02 +4.109953927e+02 +4.810253927e+02 +4.810253927e+02 -2.2669e+00 -2.7075e+00 -1.8630e+00 -4.4655e+00 +1.6898e+00 -3.0942e+00 -1.9639e+00 +4.4253e+00 -3.2455e+00 -4.7305e-01 -1.7392e+00 -2.8497e+00 +3.6692e+00 +1.1263e+00 -3.0164e+00 -2.9988e+00 -4.2179e-01 +2.6658e+00 -1.7767e+00 +2.5877e+00
62625 +3.304388551e+02 +3.304388551e+02 +4.004688551e+02 +4.004688551e+02 -2.1029e+00 -3.3937e+00 -1.1334e+00 +1.9465e+00 +3.9041e-01 -9.4594e-01 -1.2432e+00 +1.1673e+00 +7.3375e-02 -8.7514e-01 -2.9147e+00 -3.2229e+00 +2.7683e+00 -2.6631e+00 -4.4437e-01 -2.8110e+00 +3.0426e+00 +1.6404e+00 -4.3024e+00 +1.6365e+00
4126578 +3.177055439e+02 +3.177055439e+02 +3.877355439e+02 +3.877355439e+02 +1.8036e+00 -2.6894e+00 -2.8786e+00 -3.3995e-01 -2.0136e+00 -2.2609e+00 -1.5496e+00 +1.4874e+00 -3.1668e+00 -3.4754e+00 -6.1829e-01 -2.1585e+00 +1.3811e+00 -4.3258e+00 -1.2208e+00 -4.2936e+00 +1.8372e+00 +2.6906e+00 -4.0350e+00 +6.7943e-01
8011397 +2.951346128e+02 +2.951346128e+02 +3.651646128e+02 +3.651646128e+02 -3.7630e+00 -3.6691e+00 -1.6152e+00 -1.9970e+00 -6.0186e-01 -2.6713e+00 +2.0079e-01 +7.6677e-01 +3.9885e-01 -8.3250e-01 -2.7862e+00 -1.6647e+00 +4.6440e+00 +3.4445e-01 -1.8788e+00 +8.7462e-01 -7.3793e-01 +2.3330e+00 -3.6930e+00 +2.2707e+00
17705706 +2.762418175e+02 +2.762418175e+02 +3.462718175e+02 +3.462718175e+02 -2.5545e+00 -4.1322e+00 -4.6454e+00 +1.0235e+00 -1.3789e+00 -3.8548e+00 +1.1852e+00 +2.0615e+00 -1.4513e+00 -1.3562e+00 -2.1601e+00 -3.0260e+00 +3.6207e+00 -4.0993e+00 +2.0505e+00 +9.6537e-02 +8.9619e-01 +3.4850e+00 -2.0728e+00 +2.3185e+00
50999667 +2.651748667e+02 +2.651748667e+02 +3.352048667e+02 +3.352048667e+02 -1.2871e+00 -4.7762e+00 -3.7455e+00 -2.1545e+00 -3.1375e-01 -4.1612e+00 +2.3479e-01 +1.4255e+00 -1.4552e+00 -2.2742e+00 -2.9464e+00 -2.9069e+00 +4.9441e+00 -3.2344e+00 +1.4356e-01 -1.6656e+00 +1.4048e+00 +4.8887e+00 -1.3258e+00 +1.4747e+00
88821872 +2.621566414e+02 +2.621566414e+02 +3.321866414e+02 +3.321866414e+02 -6.0796e-01 -2.2824e+00 -2.7005e+00 -1.0751e+00 +1.8548e+00 -4.2027e+00 +2.6644e-02 +1.3210e+00 -4.4379e+00 +3.6979e+00 -2.6851e+00 -2.9753e+00 +7.9383e-01 -1.0438e+00 -2.2366e+00 -1.0894e+00 -1.2324e+00 +3.4420e+00 -2.2595e+00 +3.8956e+00
130255955 +2.568778030e+02 +2.568778030e+02 +3.269078030e+02 +3.269078030e+02 +2.7569e-01 -4.8685e+00 -4.4061e+00 -1.7694e+00 -3.7022e+00 -4.6858e+00 -1.2080e+00 +2.2622e+00 -4.3786e+00 -2.0914e+00 +2.5003e-01 -3.9913e-01 +1.1408e+00 -4.1322e+00 -1.5223e+00 -3.3002e+00 +2.2550e+00 +1.4086e+00 -3.7079e+00 +1.6272e+00
159562456 +2.356823255e+02 +2.356823255e+02 +3.057123255e+02 +3.057123255e+02 -3.1017e+00 -3.3699e+00 -4.8292e+00 -3.7975e+00 +8.2653e-01 -2.3822e+00 +8.3428e-01 +3.2169e+00 -2.9433e+00 +1.9610e+00 -9.4741e-01 -2.4612e+00 +2.0116e+00 -4.3360e+00 -2.2405e+00 -1.8193e+00 +1.4680e-01 +2.9122e+00 -1.8064e+00 +4.5379e+00
179598326 +1.638034931e+02 +1.638034931e+02 +2.338334931e+02 +2.338334931e+02 +3.4522e-01 -3.2590e+00 -4.2081e+00 -1.2996e+00 +1.9873e+00 -3.7822e+00 -1.5778e+00 +3.1094e-01 -3.5697e+00 -9.1750e-01 -2.0369e+00 -9.9866e-01 +4.3545e+00 -3.7343e+00 -3.7640e+00 -2.8860e+00 +2.6964e-01 +3.6407e+00 -2.9905e+00 -1.0369e+00
% function evaluation | noise-free fitness - Fopt (-4.822000000000e+01) | best noise-free fitness - Fopt | measured fitness | best measured fitness | x1 | x2...
1 +4.466291857e+03 +4.466291857e+03 +4.418071857e+03 +4.418071857e+03 +4.6712e+00 +4.9723e+00 -8.6424e-01 -2.6054e+00 +2.6650e+00 +2.4590e+00 -4.5998e+00 +2.6849e+00 +1.7579e+00 +1.4540e+00 +4.7998e+00 +2.6337e+00 -1.1101e+00 -7.7787e-01 +2.4550e+00 +1.2676e+00 +1.6695e+00 +3.2889e+00 +3.6087e+00 -2.3934e+00
3 +1.009901089e+03 +1.009901089e+03 +9.616810889e+02 +9.616810889e+02 -3.3450e+00 -3.0059e+00 -4.7611e+00 +5.9973e-01 +2.2584e+00 +2.3753e+00 -3.9755e+00 +4.4373e+00 +1.7634e+00 +1.3910e+00 -3.0496e-01 -2.7938e+00 +4.7725e+00 +7.2337e-01 +1.4827e+00 -3.8295e+00 -1.7136e+00 -2.1826e+00 +1.7515e+00 +3.5451e+00
15 +9.892936300e+02 +9.892936300e+02 +9.410736300e+02 +9.410736300e+02 +1.0059e-01 -3.1896e+00 +2.4729e-01 -4.9325e-01 -1.6608e+00 +4.0401e+00 -4.5135e+00 +3.8905e+00 -3.8394e+00 +1.7439e+00 +4.0983e+00 -3.1552e+00 -8.6588e-02 -4.5764e+00 +1.5273e+00 +2.1714e+00 +9.5184e-01 -4.1249e+00 -4.1222e+00 -1.0371e+00
18 +7.263480743e+02 +7.263480743e+02 +6.781280743e+02 +6.781280743e+02 -2.6654e+00 +1.2278e+00 +6.8869e-01 +3.7190e+00 -1.0593e+00 -1.4113e+00 -1.9254e+00 -9.4496e-01 -2.8098e+00 +4.8552e+00 +3.2780e-01 +5.9080e-01 +3.5180e-01 -1.1342e+00 -4.6875e+00 +1.6483e+00 -1.1689e+00 +7.0980e-01 +4.0999e-01 -1.7211e+00
170 +6.551417844e+02 +6.551417844e+02 +6.069217844e+02 +6.069217844e+02 -1.1555e+00 -2.5838e+00 +1.0549e-01 -8.5373e-01 -3.4609e+00 -1.7541e+00 -3.8286e+00 +1.7690e+00 -3.7202e+00 +3.4151e+00 -1.6203e+00 -1.7457e+00 +2.1627e+00 +1.5553e+00 -4.1714e+00 +1.6675e+00 +2.1487e+00 +1.3097e+00 +4.6577e+00 +2.5899e+00
421 +6.362191014e+02 +6.362191014e+02 +5.879991014e+02 +5.879991014e+02 -8.1958e-01 -3.9871e+00 -3.2578e+00 +1.7528e+00 -2.0887e+00 +2.2566e+00 +1.5402e+00 -1.8507e+00 -2.7016e+00 +4.0601e+00 -4.9765e+00 -3.7933e+00 -1.6720e+00 +2.9835e+00 -3.1715e+00 -3.4418e+00 -2.0085e+00 -3.9531e+00 -1.4565e+00 +6.9890e-02
2183 +6.149813298e+02 +6.149813298e+02 +5.667613298e+02 +5.667613298e+02 -1.2728e+00 +4.7264e+00 -1.0638e+00 -1.7881e-01 -3.2568e+00 +4.4456e+00 -4.8573e+00 -2.9846e+00 -3.9066e+00 +1.8365e+00 -1.1099e+00 -9.6966e-01 -3.3934e+00 +1.1100e+00 +2.7075e-01 +2.7384e-01 -2.9390e+00 +2.7162e+00 -1.4080e+00 +1.2916e+00
2278 +5.953520111e+02 +5.953520111e+02 +5.471320111e+02 +5.471320111e+02 -3.4509e+00 +2.2169e-01 +3.5420e+00 -5.5019e-01 -3.2675e+00 +1.9457e+00 -4.3667e+00 -2.2190e+00 -2.6442e+00 +1.2683e+00 -1.8330e+00 -2.7615e+00 -1.9219e+00 +3.3840e+00 -1.4918e+00 -1.2699e+00 -1.7283e+00 +4.4645e+00 +4.1103e+00 +2.6051e+00
4207 +5.883939038e+02 +5.883939038e+02 +5.401739038e+02 +5.401739038e+02 -1.1675e+00 -3.1010e+00 -4.5489e+00 +1.3717e+00 -4.2944e+00 +3.7681e+00 -4.9911e-01 +3.4996e+00 -2.8759e+00 +3.0193e+00 +4.6856e+00 -3.8672e+00 -1.3231e+00 +3.1348e+00 +1.0769e-02 +1.2507e+00 -4.8129e+00 -1.3238e+00 -3.9597e+00 -3.0484e-02
5618 +5.477662036e+02 +5.477662036e+02 +4.995462036e+02 +4.995462036e+02 -4.7697e+00 -4.8705e+00 -4.9426e+00 -1.5564e+00 -4.7895e+00 +1.3552e+00 -2.3285e+00 +1.1547e+00 -4.8748e+00 +4.0469e+00 +1.6033e+00 -5.3571e-01 -2.0835e+00 -9.1639e-01 -1.4622e+00 +3.6698e-01 -3.0767e+00 -1.9416e+00 -1.9196e+00 +8.3396e-01
7774 +4.976465649e+02 +4.976465649e+02 +4.494265649e+02 +4.494265649e+02 -1.8668e+00 +4.4015e-01 -3.2990e+00 +1.8764e+00 +5.6673e-02 +4.9042e+00 -3.9577e+00 +5.5209e-01 -4.3301e+00 +4.4100e+00 +4.8582e+00 -1.8574e+00 +5.0235e-01 +2.1252e+00 -3.8177e+00 -2.0951e+00 -2.6400e+00 -6.1498e-01 -3.2712e+00 +1.1463e-01
8402 +4.698472075e+02 +4.698472075e+02 +4.216272075e+02 +4.216272075e+02 -1.8198e+00 -8.7581e-01 -8.6920e-01 -1.2954e+00 -4.9229e+00 +3.3456e+00 -3.0044e+00 +3.2566e+00 -1.7742e+00 -3.2477e-01 +3.9075e+00 -2.6651e-01 -4.3107e+00 +3.1661e+00 -3.0334e+00 -3.6127e-02 -8.2407e-01 -1.0978e+00 +3.3476e+00 -1.2721e+00
13057 +4.576010401e+02 +4.576010401e+02 +4.093810401e+02 +4.093810401e+02 -3.7128e+00 +1.4881e+00 -4.2114e+00 -3.2484e+00 -1.8856e+00 +3.3260e+00 -1.7274e+00 +2.3694e+00 -7.4747e-01 +4.4204e+00 -2.9700e-01 -2.2459e+00 -4.7654e+00 +3.1135e+00 +3.7013e-01 +1.8177e+00 -4.7443e+00 +1.5800e+00 +1.2865e+00 +2.6259e+00
21097 +4.525910079e+02 +4.525910079e+02 +4.043710079e+02 +4.043710079e+02 -3.6016e+00 -1.7055e+00 -6.2724e-01 -2.2642e+00 -4.0845e-01 +3.9347e+00 -4.5752e+00 +1.9007e+00 -1.2245e+00 +2.9700e+00 +4.5250e+00 -3.5090e-01 -4.3860e+00 +4.2278e+00 +2.1748e+00 -5.2687e-01 -2.6955e+00 +3.7576e-01 +4.7090e+00 -1.8240e+00
38931 +3.580809863e+02 +3.580809863e+02 +3.098609863e+02 +3.098609863e+02 -9.7990e-01 -3.2677e+00 -2.9936e-01 +3.5603e-01 -3.9281e+00 +2.8387e+00 -6.7467e-01 +1.6508e+00 -4.1890e+00 +4.3932e+00 -2.0431e+00 -6.6408e-02 -3.3908e+00 -4.0257e-01 -2.3856e+00 -4.3396e+00 -1.5004e+00 +1.2207e+00 +3.7165e+00 +2.7576e+00
617080 +3.487557877e+02 +3.487557877e+02 +3.005357877e+02 +3.005357877e+02 +6.2388e-02 -1.6336e+00 -1.2738e+00 -1.3783e-01 -3.8456e+00 -3.2567e-01 -2.4287e+00 +2.5006e+00 -3.8482e+00 +3.5407e+00 -1.4374e+00 +5.4005e-01 -2.7261e+00 +3.4918e+00 -1.2909e+00 -1.2623e+00 -4.2229e+00 +3.2531e+00 +3.8314e+00 -7.4436e-01
1195965 +3.442574496e+02 +3.442574496e+02 +2.960374496e+02 +2.960374496e+02 +4.7428e-02 +5.2914e-01 -1.3861e+00 -1.0773e+00 -4.3761e+00 +3.2773e+00 -3.9569e+00 +3.6217e+00 -4.1823e+00 +4.8410e+00 +2.5608e+00 -2.5869e+00 -3.8801e+00 +3.9906e+00 -4.9705e+00 +1.0531e+00 -8.1223e-01 +3.9230e-01 +1.8905e+00 +1.3183e+00
1204759 +3.337537982e+02 +3.337537982e+02 +2.855337982e+02 +2.855337982e+02 +1.3115e-01 +5.8073e-01 -2.0789e+00 -2.4107e+00 -2.8524e+00 +4.6569e+00 -2.8245e+00 -4.1930e-01 -3.0591e+00 +2.2872e+00 +2.8248e+00 -8.1559e-01 -7.3829e-01 +4.2674e+00 -2.8234e-01 -3.8920e+00 -2.1429e+00 +1.4313e-01 -1.2100e+00 +9.1797e-01
3649530 +3.134459230e+02 +3.134459230e+02 +2.652259230e+02 +2.652259230e+02 -2.7438e-01 -2.4857e+00 -2.7496e+00 -4.4127e-02 -3.8286e+00 +2.6918e+00 -4.8129e+00 +1.2539e+00 -4.8208e+00 +1.8436e+00 +4.0403e+00 -5.6429e-01 +8.0164e-01 +2.4674e+00 -1.5236e+00 -1.2091e+00 -4.3577e+00 -2.3987e+00 -1.5576e-01 +1.5051e+00
5010850 +2.956313433e+02 +2.956313433e+02 +2.474113433e+02 +2.474113433e+02 +1.2648e+00 -7.8077e-01 -2.6085e+00 +4.9163e-02 -4.0120e+00 +4.2859e+00 -3.1907e+00 +4.0395e-01 -1.8300e+00 +3.9046e+00 +7.9064e-01 -1.6654e+00 -2.1670e+00 +3.3638e+00 -3.4826e+00 +2.6432e+00 -3.4594e+00 -6.7836e-01 +1.0218e+00 -9.5399e-01
6606222 +2.863497416e+02 +2.863497416e+02 +2.381297416e+02 +2.381297416e+02 -2.0983e-01 -7.1286e-01 -4.2006e+00 -2.3252e-01 -2.5291e+00 +2.4685e+00 -2.0826e+00 +6.5257e-01 -1.4449e-01 +4.9708e+00 -2.9297e+00 -3.3660e+00 -1.5528e+00 +1.8232e+00 -3.0920e+00 -2.5900e+00 -2.0388e+00 -1.5224e+00 +2.8625e+00 +1.4620e+00
7006157 +2.560951799e+02 +2.560951799e+02 +2.078751799e+02 +2.078751799e+02 -1.4315e+00 -6.2239e-01 +1.0368e-01 +2.0703e+00 -2.8792e+00 +2.6092e+00 -3.1588e+00 +1.6595e+00 -2.4929e+00 +3.5453e+00 +3.2595e-01 -3.3531e-01 -1.1729e+00 +4.1774e+00 -8.9831e-01 -4.8024e+00 -1.0051e+00 -6.3503e-01 +4.5289e+00 +3.4957e-02
85978850 +2.439148440e+02 +2.439148440e+02 +1.956948440e+02 +1.956948440e+02 -1.1436e+00 -1.1760e+00 +1.8312e+00 +6.3409e-01 -4.9143e+00 +3.0663e+00 -2.5415e+00 +2.0109e+00 -2.8402e+00 +3.3442e+00 -3.5586e-01 -1.8186e+00 -2.3671e+00 +3.4954e+00 -5.3098e-01 -5.8029e-01 -2.2706e+00 +4.4555e-01 +2.3111e+00 +4.2716e-01
181584900 +2.147792575e+02 +2.147792575e+02 +1.665592575e+02 +1.665592575e+02 +3.2437e-01 -1.7506e+00 -3.0934e+00 +1.7484e-01 -3.8480e+00 +1.0138e+00 -4.4817e+00 +1.2680e+00 -4.6277e-01 +4.3057e+00 -3.0974e-01 -1.3651e+00 -5.4683e-01 +3.0984e+00 +5.5121e-01 -5.3608e-01 -2.5500e+00 +4.2971e-01 +3.0177e+00 +2.5215e-01
% function evaluation | noise-free fitness - Fopt (2.547000000000e+01) | best noise-free fitness - Fopt | measured fitness | best measured fitness | x1 | x2...
1 +3.920230660e+03 +3.920230660e+03 +3.945700660e+03 +3.945700660e+03 +2.4682e+00 +4.5842e+00 +2.7292e+00 -2.1250e+00 +1.5006e+00 -1.6338e+00 +2.8179e+00 -1.0157e-01 +3.2213e+00 +4.8973e+00 +2.8676e+00 +3.2823e+00 +3.0800e+00 +2.3176e+00 +2.4785e+00 +4.1883e+00 +6.8294e-01 +4.6560e+00 -2.0952e+00 +1.8752e+00
2 +3.232251709e+03 +3.232251709e+03 +3.257721709e+03 +3.257721709e+03 -1.6983e+00 -1.6752e+00 -2.2360e+00 +1.3245e+00 +4.7505e+00 -3.7475e+00 -2.6329e+00 +2.7142e+00 -1.5812e+00 -1.6389e+00 -2.1625e+00 -2.9531e+00 -2.8406e+00 +4.7164e+00 -7.1093e-02 +3.8966e+00 -2.2368e-01 +2.5807e+00 -3.7685e+00 -3.1689e+00
3 +1.724657969e+03 +1.724657969e+03 +1.750127969e+03 +1.750127969e+03 -1.9969e+00 -3.6116e-01 -4.6769e+00 +2.2735e-02 -2.7415e+00 +1.5603e+00 +3.3858e+00 -4.4029e-01 +1.1372e-01 +4.0664e+00 -3.1960e+00 +3.8881e+00 -1.6761e+00 +1.1692e+00 -4.4874e+00 +5.1273e-01 -3.2798e+00 +2.8654e+00 -5.1922e-01 -1.9662e+00
5 +1.687569546e+03 +1.687569546e+03 +1.713039546e+03 +1.713039546e+03 -2.3484e+00 +1.3879e+00 -7.0372e-01 +2.0019e+00 +2.4418e+00 +2.4556e+00 -4.7473e+00 -3.6005e+00 -2.4881e+00 +4.8203e+00 -3.8444e+00 -2.6529e+00 +4.4572e+00 +4.5841e+00 +1.1662e+00 +7.1823e-01 +4.1057e+00 -3.8582e+00 +1.8981e+00 +1.8858e+00
9 +1.531056412e+03 +1.531056412e+03 +1.556526412e+03 +1.556526412e+03 -7.1386e-01 -2.7636e+00 -9.4901e-01 -4.3416e+00 +2.4803e+00 +4.1879e+00 +1.3944e+00 +8.1895e-01 +1.9488e+00 +3.9697e+00 +6.0333e-01 +4.9616e+00 +3.6337e+00 +1.0552e+00 +3.3837e+00 -2.3959e+00 -2.7159e+00 -2.5807e+00 -2.8075e+00 -1.2779e+00
20 +1.063196727e+03 +1.063196727e+03 +1.088666727e+03 +1.088666727e+03 -1.6345e+00 +4.4460e+00 -2.0528e+00 -1.4150e+00 -1.5660e-01 +1.2910e+00 +2.1183e+00 -7.5561e-01 +3.4587e+00 -4.3748e+00 -3.4679e+00 -2.3498e+00 +1.6047e-01 +1.7545e+00 +4.8949e+00 -2.8683e-01 +1.2262e+00 +1.2753e+00 -2.8637e+00 -3.7247e+00
46 +7.982375543e+02 +7.982375543e+02 +8.237075543e+02 +8.237075543e+02 +8.3110e-01 +2.8066e+00 -4.2883e+00 -1.5539e+00 +1.2293e+00 +4.0191e+00 -1.9016e-01 +7.3001e-01 +4.0084e+00 +5.5432e-01 -4.6205e+00 +1.2462e+00 -4.1608e+00 +3.8627e+00 +2.3220e+00 -3.8528e+00 -3.1107e+00 +2.0573e+00 -1.5271e+00 -4.7645e+00
101 +7.119305342e+02 +7.119305342e+02 +7.374005342e+02 +7.374005342e+02 -2.2844e+00 +3.0546e-01 +2.3336e+00 -2.5929e+00 -2.6004e+00 -1.6306e+00 -2.9988e+00 -2.4449e-01 +2.6266e+00 -4.1414e+00 +2.7925e+00 -4.8562e+00 -9.0818e-01 -3.8709e-01 +4.8506e+00 -3.5050e+00 -3.3105e+00 +3.2319e+00 -2.6581e+00 -1.7333e+00
107 +5.429119915e+02 +5.429119915e+02 +5.683819915e+02 +5.683819915e+02 -3.2848e+00 +2.2603e+00 -1.1305e+00 -3.5321e+00 -1.3957e+00 -1.6110e+00 -2.2478e+00 +4.2593e+00 +2.6193e+00 +2.3847e+00 -2.5679e+00 -1.6018e+00 +1.3488e-01 +2.1826e+00 +2.9432e+00 -4.2514e+00 +3.1924e+00 +3.1857e+00 +2.7123e+00 +2.5975e+00
247 +4.673763509e+02 +4.673763509e+02 +4.928463509e+02 +4.928463509e+02 -3.7841e+00 -4.8326e+00 -3.4661e-01 -8.5354e-01 +1.8720e-02 +3.0944e+00 +7.6526e-02 -1.4400e+00 +4.3058e+00 +1.8399e+00 -2.9441e+00 -1.7153e+00 -4.7232e+00 -3.9243e+00 -1.1730e+00 -2.3458e+00 -2.7284e+00 +2.4102e+00 +2.2170e+00 -4.6356e+00
40870 +3.772986803e+02 +3.772986803e+02 +4.027686803e+02 +4.027686803e+02 -4.0737e+00 -1.0837e+00 +5.4261e-01 -3.6825e+00 -2.3187e+00 +3.4843e+00 -2.2188e+00 -1.0683e+00 +1.7574e+00 -8.7090e-01 -4.7004e+00 -3.1591e+00 +1.8831e+00 +3.6564e+00 +1.9388e+00 -4.6650e+00 +3.6224e+00 -1.2574e+00 +5.3825e-01 -3.7469e+00
54384 +3.676501381e+02 +3.676501381e+02 +3.931201381e+02 +3.931201381e+02 -4.3460e+00 -3.4265e+00 +2.4557e+00 -1.8774e+00 -4.3586e+00 +5.8386e-01 -3.3352e+00 -1.2135e+00 +3.2064e+00 +9.5646e-01 -3.0855e+00 -4.8011e+00 -2.9519e+00 -3.9640e-01 +3.0749e-01 -1.7119e+00 +8.7393e-01 +2.4896e+00 +1.7552e+00 -1.3651e-01
245214 +3.341779472e+02 +3.341779472e+02 +3.596479472e+02 +3.596479472e+02 -3.2929e+00 +1.5257e-01 -6.0338e-01 -3.2799e+00 -9.3749e-01 +4.9504e-01 -3.3126e-01 +1.3494e+00 +4.4663e+00 -2.2933e+00 -9.4435e-01 +1.3343e-01 +3.2365e+00 +8.4906e-01 +9.1541e-01 -4.3229e+00 +6.0085e-01 +4.5346e+00 +2.5547e+00 -5.9937e-01
3485477 +3.304688843e+02 +3.304688843e+02 +3.559388843e+02 +3.559388843e+02 -4.5804e+00 -2.8255e+00 -8.5058e-01 -1.7815e+00 -1.7855e-01 -1.2546e+00 -3.6092e+00 +1.2186e+00 +3.2857e+00 +5.4796e-01 -4.3800e+00 -2.7641e+00 +1.4044e+00 -3.1648e+00 +3.4132e+00 -2.4602e+00 +1.1224e+00 +2.7083e+00 +2.6039e+00 -3.5177e+00
4363509 +3.133449556e+02 +3.133449556e+02 +3.388149556e+02 +3.388149556e+02 -4.8429e+00 -4.8192e+00 -3.1615e+00 -1.7060e+00 -4.2773e+00 -2.4430e-01 -2.6798e+00 -3.2598e-01 +6.2985e-01 +8.7722e-01 -2.6675e+00 +1.1430e+00 -2.6169e+00 -1.0081e+00 +2.9038e+00 -3.4269e+00 +2.9056e+00 +4.3099e+00 +2.4877e+00 -2.2783e+00
8059340 +3.078305840e+02 +3.078305840e+02 +3.333005840e+02 +3.333005840e+02 -2.3037e+00 -1.1480e+00 -1.0969e+00 -2.8912e+00 -1.1826e-01 +2.7809e+00 -3.0100e-01 +1.1407e+00 +3.8839e+00 -1.1778e+00 -4.2097e+00 -1.0311e+00 -3.7130e-01 +7.2788e-01 +2.3722e+00 -3.2188e+00 +9.1693e-01 +2.7770e+00 +3.8391e+00 -4.4052e+00
17286009 +2.961349841e+02 +2.961349841e+02 +3.216049841e+02 +3.216049841e+02 -4.6864e+00 +8.0051e-01 -1.8591e+00 -2.3852e+00 -3.3902e+00 -1.0282e+00 -4.2037e+00 +8.4203e-01 +2.0276e+00 -4.1065e-01 -4.0949e+00 -1.9644e+00 +1.0920e+00 +2.0281e+00 +3.9542e+00 -1.8021e+00 +2.8707e+00 +4.8331e+00 +7.7866e-01 -8.4761e-01
18569693 +2.871757806e+02 +2.871757806e+02 +3.126457806e+02 +3.126457806e+02 -4.3060e+00 -2.8893e+00 -1.9667e+00 -2.1929e+00 -2.6117e+00 +3.3590e-01 -1.6535e+00 -1.2501e+00 +3.3479e+00 +1.5333e+00 -4.9192e+00 -3.0812e+00 +2.1866e-01 -2.4117e+00 +1.2535e+00 +6.1778e-01 +1.8115e+00 +3.5225e+00 +3.5419e+00 -2.4472e+00
49745282 +2.800659450e+02 +2.800659450e+02 +3.055359450e+02 +3.055359450e+02 -4.7209e+00 -2.3630e+00 -1.3174e+00 +8.2438e-01 +4.9041e-01 +2.1140e+00 -2.6379e+00 -1.0027e-01 +3.5456e+00 -2.5421e+00 -2.7269e+00 -1.1728e+00 -6.0454e-01 -3.7391e+00 +2.0847e+00 -3.0111e+00 +2.8434e-01 +2.6753e+00 +3.5671e+00 -4.0322e+00
98977853 +2.395411994e+02 +2.395411994e+02 +2.650111994e+02 +2.650111994e+02 -4.8639e+00 -4.6417e+00 -4.5847e-01 -3.0643e+00 -9.7546e-02 +1.1926e+00 -7.1517e-01 -3.9987e-01 +4.9227e+00 +2.6322e+00 -4.1528e+00 -1.6563e+00 +4.4439e-01 +1.1619e+00 +3.5000e+00 -4.0529e+00 +2.3028e+00 +2.6517e+00 +2.1420e+00 -3.8127e+00
% function evaluation | noise-free fitness - Fopt (-1.008100000000e+02) | best noise-free fitness - Fopt | measured fitness | best measured fitness | x1 | x2...
1 +2.782328175e+03 +2.782328175e+03 +2.681518175e+03 +2.681518175e+03 -4.1938e+00 -4.9495e+00 +3.4377e+00 -1.8184e+00 -4.1673e+00 +2.0679e+00 +2.4280e+00 -1.7405e+00 +2.9845e+00 -1.3767e+00 +8.4894e-01 +1.4254e-01 -1.7662e-01 -4.6071e-01 -4.0707e+00 +4.9556e+00 -4.1182e+00 +1.0516e+00 +8.0775e-02 +4.6060e+00
2 +1.696211161e+03 +1.696211161e+03 +1.595401161e+03 +1.595401161e+03 -1.3027e+00 -2.0552e+00 +4.9188e+00 -2.4054e-01 -3.2540e+00 -4.9118e+00 +3.6432e+00 +1.8887e+00 -3.2148e+00 -4.4729e+00 -3.1471e+00 +2.2706e+00 +1.9849e+00 -2.2784e+00 -4.8384e+00 -4.7172e+00 +2.4333e+00 -7.3346e-01 -2.4795e+00 +2.0574e+00
3 +1.245886694e+03 +1.245886694e+03 +1.145076694e+03 +1.145076694e+03 -3.7976e+00 -1.0261e+00 +3.8543e+00 +1.6151e+00 -2.7136e+00 -3.4630e+00 +4.2360e+00 +1.1822e+00 -4.0381e+00 +2.0261e+00 -4.0829e+00 +1.1344e-01 +2.9222e+00 +4.2236e+00 -1.5208e-01 +4.7575e+00 +5.2701e-01 +2.9652e+00 -2.2803e+00 +4.1504e+00
4 +1.222706140e+03 +1.222706140e+03 +1.121896140e+03 +1.121896140e+03 +1.2056e+00 -4.4099e+00 +3.0131e+00 +5.2552e-02 +4.4848e+00 -3.7309e+00 -7.3248e-01 +4.8043e-02 +1.4319e+00 -3.1901e+00 +1.7513e+00 -8.1720e-01 -4.8093e+00 -1.8268e+00 +3.6397e+00 -1.0863e+00 +2.4667e+00 -4.6252e+00 +3.7588e+00 -1.7203e+00
12 +1.068858857e+03 +1.068858857e+03 +9.680488575e+02 +9.680488575e+02 -1.1350e+00 +3.6539e+00 +6.8496e-01 +3.5439e+00 +2.7684e+00 +1.3701e+00 -3.9939e+00 +2.3007e+00 -3.0253e+00 +1.5461e+00 -1.1315e+00 +2.9374e+00 +1.5195e+00 -4.4652e-01 -2.2121e+00 +1.5411e+00 -1.0410e+00 -4.3899e+00 -2.6041e+00 +1.5388e+00
17 +8.995488888e+02 +8.995488888e+02 +7.987388888e+02 +7.987388888e+02 +1.0944e-01 +4.6414e+00 +1.6805e+00 +2.4686e+00 +4.3964e+00 +2.7412e+00 -2.5439e+00 +1.2633e+00 -1.8549e+00 +2.1576e+00 -4.6183e+00 -2.8751e+00 +2.2639e+00 +1.3053e+00 +4.2774e+00 -1.9271e+00 +1.4425e+00 +2.1081e+00 -3.1577e+00 -2.5281e+00
62 +8.571848880e+02 +8.571848880e+02 +7.563748880e+02 +7.563748880e+02 +1.3391e+00 +6.6821e-01 -1.8703e+00 -2.1458e+00 +3.0619e+00 +4.2242e+00 -8.1776e-01 +4.5248e+00 -1.3846e+00 +1.3116e+00 +1.8103e+00 -3.1749e+00 +2.2237e+00 -1.7305e+00 -1.1475e+00 -3.5569e-01 -1.0105e+00 -2.4184e-01 +2.3672e+00 +3.4644e+00
66 +6.010674626e+02 +6.010674626e+02 +5.002574626e+02 +5.002574626e+02 -2.1285e+00 +2.4419e+00 -1.1184e+00 -9.4615e-01 +3.5867e+00 -1.0280e-01 -1.1063e+00 -1.0422e+00 -4.6292e+00 -2.5575e+00 -2.5567e-02 -1.5266e+00 +3.4215e+00 +3.9114e+00 +3.8979e+00 +4.9180e+00 -1.0562e+00 -3.2540e+00 +3.7575e-01 +3.0619e+00
1096 +5.003438795e+02 +5.003438795e+02 +3.995338795e+02 +3.995338795e+02 +4.1843e-01 -1.0440e+00 +4.7896e+00 +1.9784e+00 +2.0127e+00 +2.2317e+00 -2.3718e+00 +1.3618e+00 -3.3990e+00 -1.0402e+00 -6.1989e-01 -4.8383e+00 +2.2755e+00 -3.4977e+00 +4.4216e+00 +1.6954e+00 +4.5585e+00 -2.9344e+00 +5.2047e-01 +9.6405e-01
3651 +4.656147385e+02 +4.656147385e+02 +3.648047385e+02 +3.648047385e+02 -3.4079e+00 +2.6638e+00 +9.5028e-01 -1.9501e+00 +1.0137e+00 +2.1567e+00 -7.1222e-01 -3.3618e+00 -3.3522e+00 -4.5981e+00 +2.2423e+00 +8.0814e-01 -3.2649e+00 -1.8257e+00 +1.9914e+00 +4.8478e+00 +4.7310e+00 -3.8221e+00 +2.3786e+00 +4.5791e+00
8482 +4.470344117e+02 +4.470344117e+02 +3.462244117e+02 +3.462244117e+02 +6.1247e-01 +1.3281e+00 +1.0221e+00 +3.1621e+00 +3.6351e+00 -1.2688e-01 -9.9875e-01 +4.2549e+00 -4.8545e+00 -2.3596e-02 +2.0172e+00 -1.3521e+00 -1.3618e+00 -1.6201e+00 +1.4882e+00 +4.5761e+00 +3.0829e-01 -2.3054e+00 +4.2953e+00 +4.1439e-01
12290 +4.375764472e+02 +4.375764472e+02 +3.367664472e+02 +3.367664472e+02 +5.2930e-01 +1.1946e+00 +2.3395e-01 -7.0017e-01 +1.4946e+00 +1.0085e+00 -1.4269e+00 +3.0886e-01 -4.0034e+00 -1.8559e-01 -2.1001e+00 -3.5156e+00 -3.0027e+00 -3.2975e+00 +1.5629e+00 +4.5028e+00 +2.6601e+00 -2.2407e+00 -3.9719e+00 -6.1726e-01
19983 +4.201543018e+02 +4.201543018e+02 +3.193443018e+02 +3.193443018e+02 +1.0051e-01 -1.8826e+00 +2.0121e+00 -3.6214e+00 +2.3923e+00 +1.0354e+00 +2.1285e+00 -7.8751e-01 -2.7605e+00 -9.6797e-01 +1.9329e+00 +7.2270e-01 -4.8377e-01 -4.5737e+00 +1.2460e+00 +2.1197e+00 +3.3900e+00 -1.1284e+00 +4.2960e+00 -9.0400e-01
27417 +4.163705070e+02 +4.163705070e+02 +3.155605070e+02 +3.155605070e+02 +1.2923e+00 +7.8067e-01 -1.5921e+00 +2.4845e-01 +1.3316e+00 -1.6065e-01 +2.9465e+00 -1.2902e+00 -2.9130e+00 -2.5128e+00 -1.2052e-01 -2.3716e+00 -4.9883e+00 -3.5840e+00 +3.6613e+00 +1.8826e+00 +3.7929e+00 +2.1535e+00 -2.9159e+00 +3.5616e+00
34142 +3.595433817e+02 +3.595433817e+02 +2.587333817e+02 +2.587333817e+02 -1.1267e+00 +2.9522e-01 -2.8808e-02 -3.9419e+00 +1.1759e+00 +8.4114e-01 -5.4897e-01 -1.8632e-03 -3.6656e+00 -2.0621e+00 +3.5213e+00 -1.4838e+00 +7.1080e-01 -2.5977e+00 +4.4252e+00 +1.4667e+00 +1.2083e+00 -1.9091e+00 +1.1228e+00 +1.3360e+00
56893 +3.006811503e+02 +3.006811503e+02 +1.998711503e+02 +1.998711503e+02 -1.5113e+00 +4.5403e-01 +8.7072e-01 -1.0468e-01 +3.9998e+00 +1.8892e+00 +9.5246e-01 -1.3761e+00 -3.2547e-01 -1.0470e+00 +2.5364e+00 -3.8827e+00 +9.5774e-01 -1.3787e+00 -1.3700e+00 +4.5186e+00 +7.5448e-01 -4.5684e-01 +1.4990e+00 +2.7864e-03
148252 +2.902660018e+02 +2.902660018e+02 +1.894560018e+02 +1.894560018e+02 +3.8316e-01 +1.9552e+00 +2.7356e+00 -1.0228e+00 +4.0917e+00 -1.7799e-01 -1.8621e+00 +3.2673e+00 -4.1941e+00 +2.2985e+00 -1.9980e+00 -3.6443e+00 -2.7605e+00 -3.3754e+00 +5.0473e-01 +1.6187e+00 +2.6980e+00 -2.0010e+00 +1.5377e+00 +3.0428e+00
1272281 +2.859513293e+02 +2.859513293e+02 +1.851413293e+02 +1.851413293e+02 +8.9545e-01 -2.4148e+00 +3.1981e-01 -9.1727e-01 +1.7562e+00 +2.4292e+00 +2.4833e+00 -1.6729e+00 -4.9106e+00 -1.3297e+00 -3.4855e-01 -6.5928e-01 -1.6716e+00 -4.1772e+00 +1.4129e+00 +2.9921e+00 +3.8400e+00 -1.8375e+00 +6.0810e-01 +4.9523e+00
4116703 +2.736957109e+02 +2.736957109e+02 +1.728857109e+02 +1.728857109e+02 -8.4492e-01 +6.7215e-01 +2.7423e+00 +7.9393e-01 +4.0240e+00 +8.9035e-01 +1.4759e-01 -7.1835e-01 -2.0534e+00 -1.6075e+00 +4.3544e+00 -2.7910e+00 +2.1876e+00 -2.0877e+00 -6.0501e-01 +4.6328e+00 +2.9399e+00 -4.5819e+00 +3.9285e+00 +3.6018e+00
13771528 +2.592382854e+02 +2.592382854e+02 +1.584282854e+02 +1.584282854e+02 +1.6583e+00 +5.6235e-01 +1.3758e+00 -4.2224e-01 +4.2178e+00 +2.4574e+00 -3.2486e-01 -9.1342e-01 -2.7154e+00 -1.0554e+00 +1.9781e+00 -4.0544e+00 -1.0782e+00 -1.1088e+00 -8.6878e-01 +3.8555e+00 +3.7295e+00 +1.4337e+00 -9.0663e-01 +1.7469e+00
24829958 +2.468094183e+02 +2.468094183e+02 +1.459994183e+02 +1.459994183e+02 +2.3819e+00 +3.7639e-01 -2.8133e-01 +2.9303e-02 +3.6985e+00 +3.5469e+00 +5.8643e-01 +2.1154e+00 -2.3060e+00 -9.7957e-02 +1.3786e+00 -3.4318e+00 -9.8854e-01 -4.6404e-01 -9.9710e-01 +4.4784e+00 +1.9765e-01 -2.9473e+00 +3.0681e+00 +3.2767e+00
% function evaluation | noise-free fitness - Fopt (-2.184000000000e+01) | best noise-free fitness - Fopt | measured fitness | best measured fitness | x1 | x2...
1 +2.761266504e+03 +2.761266504e+03 +2.739426504e+03 +2.739426504e+03 -5.4297e-01 -2.4836e-01 +1.4075e+00 +3.4386e+00 -2.7190e+00 +1.2752e+00 +6.2427e-01 -3.8733e+00 -1.6742e+00 +7.6212e-01 +1.1943e+00 -1.6716e+00 +1.1580e+00 +4.7909e+00 +5.4218e-01 -2.8865e+00 +3.5707e+00 -1.2127e+00 +4.0252e+00 -8.6202e-02
2 +9.961708147e+02 +9.961708147e+02 +9.743308147e+02 +9.743308147e+02 +4.8200e+00 -2.6874e+00 -2.9134e+00 +8.9298e-01 -2.2920e+00 -1.8915e+00 -5.8544e-01 -2.2031e+00 -2.3297e+00 +1.9573e+00 -1.3736e+00 -7.0781e-01 +3.5554e-01 -9.8193e-01 +1.9759e+00 +1.5503e+00 +1.2823e+00 -3.2220e+00 -4.1381e-01 +3.5125e+00
31 +6.718432491e+02 +6.718432491e+02 +6.500032491e+02 +6.500032491e+02 +1.6280e+00 -1.5080e+00 -3.2358e+00 +1.0300e+00 +1.5054e+00 +2.4258e+00 -3.6755e+00 -9.1881e-01 -1.0100e+00 +3.4757e+00 -3.8186e+00 -4.7479e+00 +4.3598e+00 -1.3328e+00 +4.8978e+00 +2.9367e+00 +3.0332e+00 -1.9616e+00 -3.2845e+00 -2.6565e+00
535 +5.972326553e+02 +5.972326553e+02 +5.753926553e+02 +5.753926553e+02 -8.4516e-01 +1.5183e+00 -3.8788e+00 +7.7207e-01 -1.5946e+00 +4.0607e+00 -5.7107e-01 +1.3720e-01 +4.3968e+00 -3.1825e-01 +6.0384e-01 -3.4125e+00 -3.8679e+00 -4.7193e+00 +1.1978e+00 +3.2148e+00 -1.2927e+00 +2.3918e+00 +9.0419e-02 -5.6198e-01
691 +5.311689072e+02 +5.311689072e+02 +5.093289072e+02 +5.093289072e+02 +2.2716e-01 -3.9610e+00 -2.3139e+00 -2.3181e+00 -1.8664e+00 -6.7929e-01 -9.6201e-01 +2.8066e+00 +3.7749e+00 +3.1814e-01 -2.9229e+00 -2.4744e+00 +2.1668e+00 -3.0012e+00 +3.2996e+00 +9.9332e-01 +1.3710e+00 +3.2843e+00 -9.7827e-01 -5.1449e-01
3944 +4.739338081e+02 +4.739338081e+02 +4.520938081e+02 +4.520938081e+02 -4.7130e-01 -4.6701e+00 -1.9281e+00 -6.6193e-01 +5.3280e-01 +2.6248e-01 +6.5306e-01 -1.9928e+00 +1.9661e+00 -2.2203e+00 -1.4343e+00 -4.7406e+00 +3.5133e+00 -9.8636e-01 +4.7254e+00 +3.3775e+00 +1.4069e+00 +1.0545e+00 -2.2957e+00 -2.3470e+00
24322 +4.363376053e+02 +4.363376053e+02 +4.144976053e+02 +4.144976053e+02 +1.5661e+00 +6.8195e-02 -3.5188e+00 -3.1411e-01 +3.4315e+00 +2.8041e+00 -3.3179e+00 -1.3545e+00 +8.7016e-01 +1.1626e+00 +1.1611e+00 +3.1521e-01 -4.0775e-01 -2.8926e+00 +4.3809e+00 -1.7050e-01 +2.4037e+00 +2.9682e+00 +2.7133e+00 -1.7385e+00
26695 +4.191096934e+02 +4.191096934e+02 +3.972696934e+02 +3.972696934e+02 +1.5124e+00 -1.5983e+00 -2.9188e+00 -4.6937e+00 +2.8656e+00 -1.7366e+00 -1.3583e+00 +4.4324e+00 +2.9534e+00 -3.9268e+00 +4.4330e+00 -6.0083e-03 -4.7880e+00 -3.2069e+00 +2.8817e+00 -2.1843e+00 +4.0633e+00 +1.4875e+00 -1.2592e+00 +7.2379e-01
47597 +3.665024934e+02 +3.665024934e+02 +3.446624934e+02 +3.446624934e+02 +3.0138e+00 -4.2804e+00 -4.1601e+00 -2.1621e+00 +2.8285e+00 +1.4671e+00 -4.1182e-01 +2.9288e+00 +1.0673e+00 -2.0447e+00 -8.7488e-01 -4.5144e+00 -2.1234e+00 -2.2290e+00 +3.8909e+00 +2.8255e+00 +3.6531e+00 +2.2796e-01 -4.9077e-01 +3.5900e-02
512126 +3.524197395e+02 +3.524197395e+02 +3.305797395e+02 +3.305797395e+02 +2.3564e+00 -2.5209e+00 -2.9392e+00 -1.9362e+00 +1.2106e+00 +3.3837e+00 -3.2751e+00 +3.2249e+00 +2.2045e+00 -1.3921e+00 -2.4297e+00 -2.7201e+00 +1.0012e+00 -3.0001e-01 +4.7246e+00 -6.3824e-01 +1.4943e+00 +1.5164e+00 -5.1280e-01 +5.8114e-01
1612261 +3.324526465e+02 +3.324526465e+02 +3.106126465e+02 +3.106126465e+02 +2.1715e-01 -1.6420e+00 -4.8501e+00 +2.7358e-02 +1.6456e+00 +3.0534e+00 -9.6618e-01 -6.0822e-01 +2.8365e+00 -1.1981e+00 -5.5749e-01 -3.7383e+00 -3.2567e+00 -3.2933e+00 -6.4950e-01 +3.0490e+00 +1.6830e+00 +1.2057e+00 -1.9669e+00 +2.7023e-01
4642732 +3.098420854e+02 +3.098420854e+02 +2.880020854e+02 +2.880020854e+02 +4.8028e+00 -2.6800e+00 -4.1733e+00 +1.3063e+00 +3.1440e+00 -1.1589e+00 -5.3312e-01 +1.8368e+00 +1.8519e-01 +2.1781e+00 +5.9367e-02 -3.7429e+00 -1.6310e+00 -3.6251e-01 +4.5967e+00 +3.1269e+00 +3.7266e+00 +2.6880e+00 +9.4517e-01 -3.0994e+00
5268782 +2.975466410e+02 +2.975466410e+02 +2.757066410e+02 +2.757066410e+02 +1.1890e+00 -3.3634e+00 -3.3827e+00 -1.5110e+00 +3.1215e+00 +2.3869e+00 -1.8762e+00 +1.1368e+00 +2.8152e+00 -1.8924e+00 +7.3762e-01 -2.1374e+00 +7.1777e-02 -2.4634e+00 +4.9436e+00 +2.2086e+00 +2.3837e+00 +3.8652e-02 -1.6954e+00 +3.3728e+00
23930371 +2.686853342e+02 +2.686853342e+02 +2.468453342e+02 +2.468453342e+02 +1.4812e+00 -3.5968e+00 -2.0623e+00 +1.6547e+00 +2.6389e+00 +2.0308e+00 -3.2865e+00 +2.3114e-01 +1.7341e+00 +5.2592e-01 +1.4652e+00 -6.2989e-01 -2.3108e+00 -9.5882e-01 +4.5614e+00 +4.5660e+00 +4.5080e+00 +2.4495e+00 -1.0146e+00 +3.8526e-01
68962915 +2.586593609e+02 +2.586593609e+02 +2.368193609e+02 +2.368193609e+02 +2.6966e+00 -2.1520e+00 -3.6751e+00 -3.4541e+00 +2.5735e+00 +6.6004e-01 -3.6365e+00 +2.0127e+00 +3.4313e+00 -1.0637e+00 +3.3303e+00 -1.8682e+00 -1.6154e+00 -2.3726e+00 +3.8066e+00 +1.6554e+00 +4.0837e+00 +1.2105e+00 -2.1391e+00 +5.8577e-02
180765734 +2.533602339e+02 +2.533602339e+02 +2.315202339e+02 +2.315202339e+02 +2.3056e+00 -2.9866e+00 -4.8354e+00 -8.3875e-01 +1.1952e+00 +2.1846e+00 -1.9076e+00 +1.8124e+00 +4.6552e+00 -3.3845e+00 +1.3790e+00 -1.3252e+00 -6.4551e-01 -4.3319e+00 +1.0980e+00 +4.2645e+00 +4.1776e+00 +3.5293e+00 -1.7811e+00 +1.6373e-02
% function evaluation | noise-free fitness - Fopt (-1.862000000000e+01) | best noise-free fitness - Fopt | measured fitness | best measured fitness | x1 | x2...
1 +2.360468141e+03 +2.360468141e+03 +2.341848141e+03 +2.341848141e+03 -3.1244e+00 -4.1615e+00 +2.7688e+00 +3.4909e+00 -2.3031e+00 +3.3235e-01 -4.7369e+00 +4.1677e+00 -4.1723e-01 +4.8418e+00 -3.1654e+00 -8.4018e-01 +4.5573e+00 -4.3284e+00 -4.4073e+00 +4.4809e+00 +2.0134e+00 +1.9500e+00 +2.1277e+00 -4.7512e+00
2 +1.698760966e+03 +1.698760966e+03 +1.680140966e+03 +1.680140966e+03 +4.6402e+00 +4.1298e+00 -1.7527e+00 +2.3146e+00 -1.8462e+00 -1.9732e+00 -1.9678e+00 +2.8902e+00 +2.5799e+00 -5.6086e-01 -1.4812e+00 +2.9850e+00 +1.2708e+00 +2.9360e+00 +4.3505e+00 -4.0818e+00 +1.9809e-02 +1.7952e+00 -1.2229e+00 +2.1016e+00
5 +1.344828813e+03 +1.344828813e+03 +1.326208813e+03 +1.326208813e+03 +3.5584e+00 +2.9847e+00 -8.3099e-02 +3.8544e+00 +1.9038e+00 +3.5552e+00 +3.3022e+00 -4.3554e+00 +1.9712e+00 +1.1200e+00 -2.8488e+00 +1.7154e+00 -2.5298e+00 +4.8169e+00 -7.7949e-01 +3.2725e+00 -4.1164e+00 +3.1393e+00 -3.5476e+00 -2.4404e+00
10 +1.237577658e+03 +1.237577658e+03 +1.218957658e+03 +1.218957658e+03 -3.0850e-01 -3.2380e+00 -4.5742e+00 +2.4067e+00 -4.8874e+00 +3.6965e+00 -1.2343e+00 -1.5832e+00 -2.9938e+00 -3.1589e-01 -3.5820e+00 +2.5945e+00 -2.9190e+00 -1.5896e+00 -3.4828e+00 +1.0121e+00 -1.3355e+00 +3.5740e+00 -5.8651e-01 -1.2767e+00
20 +1.142232955e+03 +1.142232955e+03 +1.123612955e+03 +1.123612955e+03 -1.9861e+00 -1.2023e+00 -1.8124e+00 -1.1065e+00 +4.9742e+00 +1.0751e+00 -2.7246e+00 -1.0221e-01 -4.0265e-01 -4.3261e+00 -1.1338e+00 -3.9957e+00 +6.0258e-01 +1.3688e+00 -9.0010e-01 -3.1052e-01 -2.9002e+00 -2.4809e+00 -2.6918e+00 -4.2657e+00
21 +1.026706503e+03 +1.026706503e+03 +1.008086503e+03 +1.008086503e+03 +2.0659e+00 +1.5059e-01 -1.1833e+00 +1.9614e+00 +1.9844e+00 +2.0084e+00 -3.7377e+00 -3.4328e+00 -2.9597e+00 +1.9940e+00 -7.5341e-01 +2.5685e+00 -4.2888e+00 +6.6803e-01 +1.0044e+00 -1.2545e+00 -3.2137e+00 -5.3078e-01 +4.5644e+00 +4.1936e-02
101 +9.828538532e+02 +9.828538532e+02 +9.642338532e+02 +9.642338532e+02 -1.9190e+00 +1.7493e+00 -5.4266e-01 -9.2443e-02 -3.7305e+00 +4.4669e+00 -9.5926e-01 -2.7390e+00 +4.6263e+00 -3.6941e+00 -3.9974e+00 -9.9408e-01 +7.8718e-01 -1.3725e+00 -4.8528e+00 +9.5244e-01 +2.9958e+00 -1.3669e+00 -4.2447e+00 -4.3369e+00
118 +8.748677887e+02 +8.748677887e+02 +8.562477887e+02 +8.562477887e+02 +3.2175e+00 -3.7875e+00 -2.3613e+00 -1.3162e+00 -4.5603e+00 +2.3823e+00 -1.0859e+00 -4.8735e+00 +9.6743e-01 +4.4019e-01 -3.4601e+00 +1.4226e+00 -3.5680e+00 +1.1778e+00 +2.4586e+00 +2.1431e+00 -4.8578e+00 +1.2840e+00 -4.9751e+00 -1.1354e-01
125 +8.510634574e+02 +8.510634574e+02 +8.324434574e+02 +8.324434574e+02 +1.6103e+00 +4.5936e+00 +1.1462e+00 +1.3019e+00 +1.6420e+00 +2.3261e+00 -9.6926e-01 -1.7386e+00 -2.0178e+00 -1.9640e+00 -7.6629e-01 +2.4085e+00 +3.0839e+00 -4.8436e-01 -2.5844e+00 +4.6779e+00 -2.0647e+00 -2.3617e+00 -2.6838e+00 +9.4175e-01
261 +7.311183534e+02 +7.311183534e+02 +7.124983534e+02 +7.124983534e+02 -1.3583e+00 -1.2268e+00 +2.6633e+00 +2.6755e-01 -3.2001e+00 +4.3316e+00 -4.0819e+00 -2.8298e+00 +3.6703e+00 +8.4376e-01 -4.7449e+00 -2.6644e+00 +1.9626e+00 +2.3735e+00 +1.2460e+00 -9.1751e-01 +8.5592e-02 +8.1450e-01 -2.6958e+00 -2.8344e+00
353 +7.030444827e+02 +7.030444827e+02 +6.844244827e+02 +6.844244827e+02 +3.6468e+00 -3.3397e+00 -1.4291e+00 +3.2814e+00 -1.9932e+00 +1.2000e+00 -7.0912e-01 -3.3265e+00 -2.9642e-01 -7.3205e-01 -2.0553e+00 +3.1611e+00 -2.6341e+00 +2.4866e-01 +1.2869e+00 +1.1180e+00 -3.2400e-01 +2.1796e-01 -6.5540e-01 +1.5334e+00
361 +5.987118603e+02 +5.987118603e+02 +5.800918603e+02 +5.800918603e+02 +2.8455e+00 -2.6790e+00 +2.4390e+00 +1.0809e+00 -7.8798e-02 -1.1586e+00 -3.2682e+00 +7.9900e-01 -1.1535e+00 -4.6589e+00 -2.1772e+00 -9.1879e-01 -1.9504e+00 -2.2548e+00 +2.2246e+00 +1.1200e+00 +1.8682e+00 -2.7706e-01 +1.3031e+00 -1.6354e+00
2368 +5.633858694e+02 +5.633858694e+02 +5.447658694e+02 +5.447658694e+02 +1.1020e+00 +2.4821e+00 +1.9143e+00 +2.2621e+00 +4.2804e+00 -3.3395e-01 -4.4335e+00 -5.7239e-01 +2.3151e+00 -3.9250e+00 -4.0032e+00 -2.1321e+00 -2.9642e+00 -2.0009e+00 +2.2395e+00 +4.1558e+00 -9.8759e-01 -9.1411e-01 -1.8054e+00 +1.9624e+00
5259 +5.071556930e+02 +5.071556930e+02 +4.885356930e+02 +4.885356930e+02 +1.7108e+00 +3.8094e+00 -1.1089e+00 -1.0374e+00 -1.8135e+00 +2.5848e+00 +2.7383e-01 -1.2819e-01 -7.3931e-01 -2.6371e-01 -2.5416e+00 -3.5219e+00 -2.6145e-01 -1.2049e+00 +3.9160e+00 +4.8302e+00 -1.6831e-01 +4.4208e-01 -4.1605e+00 +2.0236e+00
12915 +4.600679994e+02 +4.600679994e+02 +4.414479994e+02 +4.414479994e+02 +4.9331e+00 +5.0936e-01 -1.7662e+00 +3.4398e+00 +2.1256e+00 +2.5380e+00 -3.4095e+00 -1.9974e+00 -1.6582e-01 -2.9726e+00 -1.1422e+00 -4.9469e+00 -2.1898e+00 +2.9941e+00 +4.9953e+00 +4.4025e+00 +1.0413e+00 +4.5673e-01 +1.4252e+00 -9.1725e-01
13095 +3.723827082e+02 +3.723827082e+02 +3.537627082e+02 +3.537627082e+02 +3.7821e+00 +2.6824e+00 +7.4456e-01 +2.7251e+00 -4.6005e-01 +5.5154e-01 -2.5553e+00 +1.3487e+00 +3.8278e+00 -3.7254e+00 -5.1581e-01 -4.4444e+00 -3.4623e+00 -1.2693e+00 +3.0947e+00 +1.5840e+00 +1.5192e+00 +8.5373e-01 -2.2889e+00 -2.3578e-02
1292092 +3.556487016e+02 +3.556487016e+02 +3.370287016e+02 +3.370287016e+02 +3.8179e+00 +2.6317e+00 -1.3356e+00 -4.8568e-01 -2.4310e+00 +1.4607e+00 -1.5155e+00 -3.0188e+00 +2.0419e+00 -2.3994e+00 -3.7837e+00 -4.1101e+00 -3.1127e-01 +2.3809e+00 +4.9030e+00 +2.1859e+00 -7.5287e-01 +4.4162e+00 -1.5363e+00 +1.3587e+00
1436687 +2.781248231e+02 +2.781248231e+02 +2.595048231e+02 +2.595048231e+02 +2.8473e+00 -5.2488e-01 -8.0673e-01 +2.2773e+00 -1.2387e+00 +4.5231e+00 -4.4400e+00 -1.3619e-01 +3.6094e+00 -1.3289e+00 -3.1418e+00 +4.9541e-01 -2.3783e+00 +2.2453e+00 +3.7557e+00 +3.0965e+00 +2.0264e+00 +1.8574e+00 +1.0228e+00 +2.4423e+00
32318845 +2.589407040e+02 +2.589407040e+02 +2.403207040e+02 +2.403207040e+02 +1.5645e+00 +9.4739e-01 -1.3688e+00 +1.4310e+00 -3.3467e+00 +9.3478e-01 -3.7270e+00 -1.7769e+00 +4.3383e+00 -4.6577e+00 -2.7834e+00 -2.0800e+00 -6.0904e-01 +1.5551e-01 +3.4384e+00 +3.5135e+00 +2.0624e+00 +9.1386e-01 -2.5894e+00 +2.7858e-01
137158527 +2.506725681e+02 +2.506725681e+02 +2.320525681e+02 +2.320525681e+02 +3.1305e+00 +2.3196e+00 -1.4703e+00 +1.1609e+00 -3.7294e+00 +8.8330e-01 -2.5221e+00 -3.0011e+00 +1.3622e+00 -1.1775e+00 -3.1830e+00 -1.4911e+00 -3.1117e+00 +2.8075e+00 +1.3425e+00 +3.0613e+00 +6.6252e-01 +1.4237e+00 -9.2314e-01 +8.7423e-01
% function evaluation | noise-free fitness - Fopt (2.764000000000e+01) | best noise-free fitness - Fopt | measured fitness | best measured fitness | x1 | x2...
1 +6.753793283e+03 +6.753793283e+03 +6.781433283e+03 +6.781433283e+03 -4.8206e+00 -9.0953e-01 +3.8143e+00 -2.5978e+00 +4.7190e+00 -3.9278e+00 +6.5150e-03 +1.6516e+00 -9.7825e-01 -4.0174e+00 -1.2397e+00 +3.0194e+00 -3.4610e+00 +2.8632e-02 -1.2403e+00 +1.1979e+00 -2.0829e-01 +4.8591e+00 +4.2916e+00 +7.5858e-03
2 +2.995148731e+03 +2.995148731e+03 +3.022788731e+03 +3.022788731e+03 -3.6380e+00 +4.3373e+00 +2.5940e-01 +1.7412e-01 -1.9284e+00 +2.3928e+00 -2.4199e+00 +2.6015e+00 +2.9101e+00 -4.7097e+00 -2.6586e+00 -3.6042e+00 +3.5836e+00 +1.2559e+00 +2.4110e+00 +2.9354e+00 +4.5106e-01 +4.6881e+00 -9.7636e-01 +1.9434e+00
3 +2.164920051e+03 +2.164920051e+03 +2.192560051e+03 +2.192560051e+03 +7.2747e-01 +2.9548e-01 -1.1494e-01 +7.3867e-01 -3.8021e+00 -6.8986e-01 -2.4440e+00 -1.7595e-01 +3.1646e-01 -1.5547e+00 -4.1694e+00 +1.9790e+00 +9.0161e-01 -4.2717e-01 -6.1793e-01 +4.2277e+00 -4.6659e+00 +3.0712e+00 -2.4400e+00 +2.4183e+00
4 +1.103073157e+03 +1.103073157e+03 +1.130713157e+03 +1.130713157e+03 +6.9745e-01 -4.1618e+00 -2.5281e+00 -1.5826e+00 +1.1468e+00 +2.3422e+00 +8.3656e-01 -5.2894e-01 -2.1665e+00 +4.1160e+00 -7.6237e-01 +2.6829e+00 -1.4510e+00 -3.1632e-01 +3.1503e+00 +1.8905e+00 -1.1333e+00 -4.8486e+00 +2.7806e+00 -4.0114e+00
15 +1.013011208e+03 +1.013011208e+03 +1.040651208e+03 +1.040651208e+03 +2.4305e+00 +2.6877e-01 -1.8721e+00 +8.7665e-01 -2.9664e+00 +2.8669e+00 -7.0040e-01 +2.9493e-01 +2.7852e+00 -3.7301e+00 +3.9315e+00 +2.9088e+00 +1.1843e+00 +1.0729e+00 +4.0884e+00 -1.3546e+00 -4.0808e+00 -3.2990e-01 +1.8764e+00 -1.0530e+00
54 +8.983608538e+02 +8.983608538e+02 +9.260008538e+02 +9.260008538e+02 +1.1739e+00 +1.2705e+00 -2.1962e+00 +8.0189e-02 -2.3827e+00 +1.8673e+00 -1.4313e+00 -1.2819e+00 -3.0001e+00 -2.4604e+00 +3.3350e-01 -1.0309e+00 +2.9862e+00 +8.7877e-02 +5.5434e-01 +7.3005e-01 +3.3033e+00 -8.7559e-01 -4.2866e+00 -4.0990e+00
55 +8.349285791e+02 +8.349285791e+02 +8.625685791e+02 +8.625685791e+02 +4.2522e+00 -2.6436e-01 -8.0861e-01 +3.8336e+00 +9.8667e-01 +1.1096e+00 +1.1924e+00 -2.5968e-01 -3.7122e+00 -6.8797e-01 +2.8760e+00 +1.2819e+00 +3.5156e+00 -1.2695e+00 -4.3480e+00 +7.3694e-01 +1.4404e+00 -2.8146e+00 +4.2689e-02 -1.8944e+00
123 +8.092143532e+02 +8.092143532e+02 +8.368543532e+02 +8.368543532e+02 -3.5898e+00 +3.6296e+00 -4.9203e+00 +1.5187e+00 -1.5072e+00 -2.2502e+00 -3.0714e+00 +1.1782e+00 -8.9436e-01 -3.3230e-01 -1.5036e+00 -3.5448e+00 +1.5587e-01 -3.5100e+00 +4.4519e+00 +8.9443e-01 -2.2920e+00 -4.5247e+00 +8.7218e-01 +1.2226e+00
334 +6.980481630e+02 +6.980481630e+02 +7.256881630e+02 +7.256881630e+02 +2.4393e+00 -4.2726e+00 +2.7735e+00 +3.1675e+00 +3.2998e+00 -2.4886e+00 -2.0090e+00 -4.7206e+00 +3.4870e-01 -4.6004e+00 +4.1274e+00 -2.4625e+00 +3.8952e+00 -4.4282e+00 +4.7591e+00 -2.0763e+00 -3.7787e-01 -2.6986e+00 -2.4619e+00 +3.9823e+00
403 +5.707072736e+02 +5.707072736e+02 +5.983472736e+02 +5.983472736e+02 +3.0663e+00 +3.9127e+00 -2.6529e+00 +1.8530e+00 +2.9897e+00 -4.1878e-01 +2.1195e-01 +4.0549e-01 -2.6440e+00 +3.3077e+00 +4.7497e+00 +6.1227e-02 +3.4581e+00 -1.6165e+00 +1.1810e+00 -1.2066e+00 -3.1065e-01 -7.4576e-01 -3.6257e+00 +2.4046e+00
475 +5.291614690e+02 +5.291614690e+02 +5.568014690e+02 +5.568014690e+02 +1.0319e+00 +3.0972e+00 -3.5551e+00 +5.4189e-01 -4.0798e+00 +2.3234e+00 -4.0109e+00 -3.7735e+00 -3.3110e+00 -7.0790e-01 +3.3621e+00 -3.7388e+00 +1.7638e+00 -2.1753e-01 +3.6728e+00 -2.1847e+00 +8.8071e-01 -4.9470e+00 +2.9437e-01 +4.3898e+00
2892 +4.734773719e+02 +4.734773719e+02 +5.011173719e+02 +5.011173719e+02 -1.5941e+00 -1.0126e-01 -4.2702e+00 -6.3985e-01 +3.2672e+00 +2.7846e+00 -1.4411e+00 -2.4649e+00 -1.1674e+00 +1.1993e+00 -1.2866e+00 +2.4478e-01 +1.2608e+00 -1.1179e+00 -2.6042e+00 -2.5251e+00 -3.5711e+00 -2.1285e+00 +3.4859e+00 +2.6170e+00
9252 +4.513913930e+02 +4.513913930e+02 +4.790313930e+02 +4.790313930e+02 +2.5720e+00 +1.4296e+00 -1.8629e+00 +6.6927e-01 +3.7575e+00 +1.6644e+00 -3.0098e+00 -2.5916e+00 -2.5529e+00 -1.2353e-01 +3.5345e-01 +3.6800e+00 +2.3958e+00 +2.4558e+00 +1.8853e-01 -2.3712e+00 +2.3040e+00 -3.5054e+00 -1.0330e+00 +3.1804e+00
14113 +4.378054235e+02 +4.378054235e+02 +4.654454235e+02 +4.654454235e+02 +3.8057e+00 +4.4167e-01 -1.8083e+00 +3.0679e+00 -3.1547e+00 -1.0304e+00 -4.1281e+00 -2.5783e+00 -3.3426e+00 -1.9611e+00 +3.9730e+00 +1.5244e+00 +1.5170e+00 -2.0559e+00 +4.2806e+00 +1.1400e+00 +9.5629e-01 -4.6832e+00 -1.8844e+00 -8.6431e-01
23950 +3.581475847e+02 +3.581475847e+02 +3.857875847e+02 +3.857875847e+02 +3.6985e+00 +2.8914e+00 -8.4752e-01 +3.4540e+00 +1.7859e+00 +3.2038e+00 -1.4132e+00 -2.9914e-01 -1.5897e+00 -4.1830e+00 +1.9857e+00 +2.9141e-01 -5.9945e-01 -2.3279e+00 +4.0193e+00 -2.3731e+00 -2.9783e-01 -3.2674e+00 -6.9057e-01 +3.7402e+00
39617 +3.279400722e+02 +3.279400722e+02 +3.555800722e+02 +3.555800722e+02 +1.1291e+00 -2.6600e-01 -4.0093e+00 +2.7426e+00 +1.7754e+00 +1.1652e+00 -8.3554e-01 -2.0617e+00 -1.8827e+00 -8.8376e-03 +2.5127e+00 +6.7142e-01 +1.3412e+00 -5.1178e-01 -6.4786e-01 -2.0729e+00 -4.3675e-01 -4.3151e+00 +5.0474e-01 -1.8428e+00
525760 +3.167402802e+02 +3.167402802e+02 +3.443802802e+02 +3.443802802e+02 +3.6072e+00 -2.2807e+00 -3.1733e+00 +1.7475e+00 -2.6350e-01 +1.1363e+00 +1.4470e+00 -2.8945e+00 -3.3347e+00 -3.2366e-01 +1.4211e+00 +2.7051e+00 +2.8966e+00 -1.9077e+00 -1.2691e+00 -6.3976e-01 +1.0148e+00 -4.3910e+00 -2.0513e+00 +9.2566e-01
3150117 +2.818642599e+02 +2.818642599e+02 +3.095042599e+02 +3.095042599e+02 +3.9706e+00 +1.2793e+00 -4.2524e+00 +3.2643e+00 +5.6969e-01 +1.4965e+00 -1.5184e+00 +1.0931e+00 -3.6209e+00 -1.6601e+00 +2.6506e+00 -3.0844e+00 +1.5588e+00 -3.3385e+00 -2.4470e+00 -2.7406e+00 -2.8041e-01 -4.5087e+00 -1.2122e+00 -1.3656e+00
7976399 +2.458165268e+02 +2.458165268e+02 +2.734565268e+02 +2.734565268e+02 +2.7255e+00 +5.1153e-01 -8.1594e-01 +2.1855e+00 -2.2252e+00 +4.3909e-01 -1.9062e+00 -1.1206e+00 -3.2947e+00 -1.7901e+00 +4.4313e+00 -2.4918e+00 +1.1960e+00 -4.2848e+00 +1.3245e-01 -1.9199e+00 -7.5108e-01 -3.2885e+00 +7.8113e-01 +1.9714e+00
55344941 +2.389158161e+02 +2.389158161e+02 +2.665558161e+02 +2.665558161e+02 +4.4047e+00 +5.4813e-02 -3.4929e+00 +9.4741e-01 +1.0137e+00 +3.0059e+00 -2.6013e+00 -9.6493e-01 -2.1906e+00 -6.8971e-01 +4.8454e+00 -1.4020e-01 +2.9260e+00 -1.4975e+00 +3.0114e+00 -2.4083e-01 +6.8455e-01 -2.7212e+00 -2.3036e+00 +2.2197e+00
112580820 +2.117537951e+02 +2.117537951e+02 +2.393937951e+02 +2.393937951e+02 +1.6601e+00 -2.0684e-01 -3.3565e+00 +1.0374e+00 +1.4612e+00 +7.9047e-01 +9.0666e-01 -4.5568e+00 -1.8094e+00 +1.2591e+00 +1.0167e+00 -6.9207e-01 +4.2857e+00 -3.4955e+00 +2.6619e+00 -3.1906e+00 +4.8498e-01 -2.1757e+00 -3.5669e+00 +4.0956e+00
% function evaluation | noise-free fitness - Fopt (-1.552000000000e+01) | best noise-free fitness - Fopt | measured fitness | best measured fitness | x1 | x2...
1 +1.882296910e+03 +1.882296910e+03 +1.866776910e+03 +1.866776910e+03 +3.2700e+00 -3.6357e+00 +1.1692e+00 -3.2330e+00 +3.3157e+00 +1.5021e+00 -1.4487e+00 -2.2241e+00 -7.1138e-01 +2.0045e+00 +4.7083e+00 -3.9677e+00 -9.4334e-01 +2.1536e+00 +2.8355e+00 +6.7714e-01 +8.4569e-01 +7.0949e-01 -2.7815e+00 -2.7633e+00
2 +1.299250744e+03 +1.299250744e+03 +1.283730744e+03 +1.283730744e+03 -4.2850e+00 -2.9579e+00 +1.4376e+00 +1.8528e+00 -2.4618e+00 -1.7604e-01 -3.3624e+00 -1.9138e+00 -5.7823e-01 -5.1663e-01 -3.0403e+00 -3.0798e+00 +1.6499e+00 -2.8987e+00 +1.0214e+00 +2.0666e+00 -9.3401e-01 +2.3970e+00 -4.2033e+00 +5.8304e-01
9 +9.836291529e+02 +9.836291529e+02 +9.681091529e+02 +9.681091529e+02 -8.1837e-01 +3.6650e+00 -3.3508e-01 +2.8778e+00 -2.3865e+00 -3.4015e+00 -1.9418e+00 +2.1413e+00 +4.1265e+00 -3.8923e+00 -2.2382e+00 +2.5930e+00 -1.4528e+00 +3.2379e+00 -3.6865e+00 -7.0609e-01 +2.9415e+00 +3.9852e+00 +1.1935e+00 +3.6356e+00
22 +9.739759600e+02 +9.739759600e+02 +9.584559600e+02 +9.584559600e+02 +6.9389e-01 -4.2866e+00 +3.3566e+00 +3.5850e-01 -3.8747e+00 +2.2308e+00 +2.2513e+00 +1.7669e+00 -3.6522e+00 +2.2881e+00 +2.3755e+00 +3.4217e+00 +3.8308e+00 +2.2168e+00 +4.9302e+00 -2.2662e+00 +4.4178e+00 -4.6006e+00 +2.7492e+00 -1.2368e+00
31 +8.806156828e+02 +8.806156828e+02 +8.650956828e+02 +8.650956828e+02 -5.1402e-01 +1.3957e+00 +3.1396e+00 +3.5709e+00 -4.7070e+00 -4.2402e+00 +2.0388e+00 -2.2300e+00 +6.7743e-01 +3.0038e+00 +1.3440e+00 +4.7075e-01 +4.3115e+00 -6.0239e-02 +2.3102e+00 +1.5803e+00 -1.6956e+00 -4.3910e+00 +2.7712e+00 -8.1520e-01
72 +8.683475987e+02 +8.683475987e+02 +8.528275987e+02 +8.528275987e+02 +3.2303e+00 -2.4234e+00 +5.8904e-01 +4.5447e+00 -2.8897e+00 +3.4101e+00 -1.2329e+00 +1.2167e+00 -1.8231e+00 +2.0221e+00 +2.8878e+00 +1.4825e+00 +4.3605e+00 -3.1008e+00 -2.6170e+00 -1.2816e+00 +2.8736e+00 -4.2001e+00 +4.9499e+00 +4.0869e+00
80 +8.041516122e+02 +8.041516122e+02 +7.886316122e+02 +7.886316122e+02 +3.1830e+00 -2.2441e+00 +2.5565e+00 +3.0101e+00 +3.2097e-01 -3.3702e+00 +1.6825e+00 -2.9801e+00 -2.0571e+00 -3.8033e+00 -1.2981e+00 +3.1274e+00 +1.4244e+00 -2.8649e+00 +1.1445e+00 -4.4891e+00 +2.0953e+00 -3.0221e+00 -4.3027e+00 +3.4767e+00
134 +7.695991970e+02 +7.695991970e+02 +7.540791970e+02 +7.540791970e+02 +2.7166e-01 -2.1757e+00 +4.0900e+00 +1.1790e-01 -3.1085e+00 -2.6608e+00 -4.9681e+00 -4.1739e-02 +1.7328e+00 +2.8433e+00 -3.6758e+00 -4.8803e+00 -4.0049e+00 +1.9300e+00 -4.6080e+00 +2.7912e-01 +3.4644e+00 +1.8066e+00 -5.6032e-03 +1.6112e+00
144 +6.427101535e+02 +6.427101535e+02 +6.271901535e+02 +6.271901535e+02 -1.9013e+00 -5.9260e-01 +2.8442e+00 +8.8884e-01 +1.4040e+00 -1.6034e+00 -1.4749e+00 +1.5342e+00 -1.9133e+00 -4.0177e-01 -7.0824e-01 -4.1667e+00 -4.8507e-01 +4.0306e+00 -4.5186e+00 -4.7054e+00 +4.2109e+00 -7.0743e-01 +3.3205e+00 -1.8080e+00
470 +5.918863108e+02 +5.918863108e+02 +5.763663108e+02 +5.763663108e+02 +4.8176e-01 -8.1865e-01 +4.5282e+00 +1.3664e+00 -2.9317e+00 -1.2905e+00 +1.6340e+00 -1.3902e+00 -2.5497e+00 +2.0954e+00 +2.3191e+00 +6.6380e-01 -3.4177e+00 +3.4590e+00 -4.8549e+00 -4.6610e+00 +6.3781e-01 -3.4836e+00 +4.5994e-01 -2.8397e+00
1190 +5.493733949e+02 +5.493733949e+02 +5.338533949e+02 +5.338533949e+02 +4.7026e+00 -2.3278e+00 +2.9731e+00 -1.9800e+00 -4.9831e+00 -4.4687e+00 +2.0091e+00 -4.1476e+00 -1.0281e+00 -3.7854e+00 -1.8219e+00 +4.6639e-01 +3.2891e+00 +2.7994e+00 -2.2673e+00 -3.7206e+00 +1.6146e+00 -1.0200e+00 +5.2022e-01 +3.6911e-01
2760 +5.320801722e+02 +5.320801722e+02 +5.165601722e+02 +5.165601722e+02 +2.8768e-01 -2.9771e+00 +4.3803e+00 +1.0160e+00 -4.2655e+00 -4.8161e+00 +4.7327e+00 -1.1641e+00 -2.6416e+00 -3.5260e+00 -3.9543e+00 +2.2704e+00 +3.2170e+00 +4.3665e+00 -3.0109e+00 -1.5447e+00 +4.5469e-01 -6.7936e-01 -3.1378e-01 +4.2079e+00
3723 +5.226068868e+02 +5.226068868e+02 +5.070868868e+02 +5.070868868e+02 +3.0768e+00 -4.6273e+00 -1.5795e+00 +1.2115e+00 -2.3094e-01 -9.9643e-01 +1.5562e+00 -2.2231e+00 -3.7382e+00 -2.6077e+00 +3.9529e-01 -1.1766e+00 -7.5291e-01 +4.2499e+00 -1.9655e+00 -2.5641e+00 +1.1543e+00 +2.5767e-01 +4.6794e-01 +3.1745e+00
4298 +4.429061196e+02 +4.429061196e+02 +4.273861196e+02 +4.273861196e+02 -9.9064e-01 +8.4380e-01 +4.9096e+00 +2.1912e+00 +8.4597e-01 -3.8331e+00 +2.1641e+00 -8.9229e-01 +2.5100e-01 -1.7063e+00 -3.1877e-01 -4.1066e-01 +2.6142e+00 +5.6989e-01 -2.8813e+00 -3.9336e+00 -1.3002e+00 +1.2133e+00 +1.8148e+00 +8.8648e-01
24825 +4.248504252e+02 +4.248504252e+02 +4.093304252e+02 +4.093304252e+02 +4.1969e+00 -2.1556e-01 +2.4412e+00 +7.8125e-01 +2.0273e+00 -1.4437e+00 +1.0474e+00 -2.2531e+00 +4.7250e-01 -3.1447e+00 +1.8812e-01 -1.8835e+00 +3.3093e+00 -9.1079e-02 -4.2712e+00 -3.4870e+00 +2.1292e+00 -4.0603e+00 -5.4126e-01 +4.3318e+00
41187 +4.122263915e+02 +4.122263915e+02 +3.967063915e+02 +3.967063915e+02 +8.7769e-01 -1.9608e+00 +3.4635e+00 +3.6817e+00 -1.4373e-01 -3.6091e+00 -4.2216e+00 -1.5804e+00 +6.0812e-01 +2.4235e+00 -3.0558e+00 -4.9301e-01 +2.1966e+00 +1.1787e-01 -1.6783e+00 -5.2642e-01 +3.8033e+00 -5.5850e-01 -6.4299e-01 +2.0790e+00
50271 +3.764913867e+02 +3.764913867e+02 +3.609713867e+02 +3.609713867e+02 -1.2814e+00 -3.1278e+00 +1.4088e+00 +1.1613e+00 -2.2978e+00 +5.0823e-01 -2.1749e+00 +1.1818e-01 +1.2502e+00 -4.1910e+00 -2.8106e+00 -7.2175e-01 +3.3350e+00 +3.9858e+00 -4.0014e+00 -4.6370e+00 +1.1391e+00 -1.6220e+00 +2.8639e+00 +4.0447e+00
108703 +3.569749416e+02 +3.569749416e+02 +3.414549416e+02 +3.414549416e+02 +1.9807e-01 -2.5789e+00 +3.0188e+00 +3.8321e+00 -4.5274e-01 -2.7723e+00 +6.7337e-01 -3.1895e+00 -3.5132e-01 -6.6636e-01 -1.1857e+00 -2.1997e+00 +2.4302e+00 +1.7836e+00 -3.7560e+00 -3.1862e+00 +5.2796e-02 -3.9911e+00 -2.7994e+00 +4.0390e+00
186061 +3.442222604e+02 +3.442222604e+02 +3.287022604e+02 +3.287022604e+02 +3.9188e+00 -3.2964e+00 +2.2232e+00 -1.8760e+00 -2.7887e-01 +2.2106e+00 +5.4975e-01 +8.7966e-01 +1.4196e+00 +5.3033e-03 +3.5266e-01 -7.2143e-01 +4.3866e+00 +4.1579e+00 -3.8649e+00 -2.9856e+00 +3.9664e-01 -3.0381e+00 +4.0530e-01 +3.6242e+00
446343 +2.424553106e+02 +2.424553106e+02 +2.269353106e+02 +2.269353106e+02 +3.4546e+00 -1.2803e+00 +3.7584e+00 +1.5736e+00 -3.1222e+00 -3.0165e+00 +1.5048e-01 -1.0468e+00 -5.4522e-01 +1.8852e+00 +9.5834e-01 -1.0185e+00 +3.3705e+00 +3.4023e+00 -4.8757e+00 -4.5852e+00 +3.2644e+00 -2.2333e+00 +2.8808e+00 +3.3051e+00
17462359 +2.349338951e+02 +2.349338951e+02 +2.194138951e+02 +2.194138951e+02 +9.9007e-01 -7.9785e-01 +2.7393e+00 +1.8275e+00 -3.2737e+00 -1.4485e+00 +6.8778e-01 -1.1225e+00 -2.6237e+00 +6.5042e-01 +6.9356e-01 -1.0880e+00 +2.3301e+00 +4.5522e+00 -4.9073e+00 -4.4045e+00 +1.3797e+00 -2.3304e+00 -1.4581e+00 +6.0589e-01
127643446 +2.200917616e+02 +2.200917616e+02 +2.045717616e+02 +2.045717616e+02 +3.0508e+00 -2.5163e+00 +2.2983e+00 +3.4489e+00 -1.5407e+00 -1.2621e+00 -1.7703e+00 +4.0661e-01 +1.4058e+00 +8.2761e-01 +1.0142e+00 -6.6880e-01 +2.4738e+00 +1.6776e+00 -2.5346e+00 -3.1195e+00 +1.9440e+00 +1.0442e+00 +7.4393e-01 +1.6071e+00
% function evaluation | noise-free fitness - Fopt (1.000000000000e+03) | best noise-free fitness - Fopt | measured fitness | best measured fitness | x1 | x2...
1 +1.799104917e+03 +1.799104917e+03 +2.799104917e+03 +2.799104917e+03 -1.0675e+00 -1.2000e+00 -2.5359e+00 -4.7382e+00 -2.2052e+00 -2.5112e+00 +1.6063e+00 -3.1013e+00 +4.6789e+00 +2.2381e+00 -4.3085e+00 +6.6411e-01 -1.2133e+00 +2.3459e-01 +3.2831e+00 +3.2202e+00 -4.1405e-02 -1.1082e+00 +4.7745e+00 -3.8869e+00
4 +1.442551456e+03 +1.442551456e+03 +2.442551456e+03 +2.442551456e+03 -1.9838e+00 +3.1913e+00 -1.4489e+00 -3.0904e+00 -1.3554e+00 +3.8644e+00 +3.4055e-01 +3.3731e+00 -4.6116e+00 -3.3724e+00 -4.1068e+00 +3.3084e+00 -3.0794e-01 +4.1171e+00 -2.0356e-01 -6.9704e-01 -3.0523e+00 -3.5078e+00 +1.6391e+00 +6.4092e-01
19 +9.177526325e+02 +9.177526325e+02 +1.917752633e+03 +1.917752633e+03 -3.2412e+00 -3.7676e+00 +6.2043e-01 -1.3438e+00 +4.5827e+00 +3.6938e+00 +1.6763e-01 +2.2754e+00 -1.4632e+00 +3.2302e+00 +3.2010e+00 +1.7304e+00 -1.3942e+00 +4.6837e+00 -4.9460e+00 +4.8522e+00 -4.2175e+00 -3.3187e+00 +1.0311e-01 -3.4734e+00
23 +7.475318505e+02 +7.475318505e+02 +1.747531850e+03 +1.747531850e+03 -2.4403e+00 -2.0819e+00 -1.7449e+00 +1.4269e+00 -3.1647e+00 +3.5948e+00 +2.9515e+00 +2.6848e+00 +2.6330e+00 +3.6991e+00 +3.1782e+00 -2.7942e+00 -9.8948e-01 +2.8155e+00 +2.0734e+00 +2.9019e+00 -4.8933e+00 -3.9002e+00 +4.7730e+00 +2.9811e+00
167 +6.724280288e+02 +6.724280288e+02 +1.672428029e+03 +1.672428029e+03 -2.8332e+00 -1.9010e+00 -3.7657e+00 -2.5127e+00 -3.5401e+00 -4.4226e+00 +3.3009e-01 +1.9779e-01 +1.3861e+00 +1.2693e-01 +1.2233e+00 -4.7898e-01 +1.2927e+00 +1.6749e+00 +2.6820e+00 -4.0154e+00 -4.3308e+00 +5.7169e-01 -3.2500e+00 +1.1286e+00
362 +6.547520243e+02 +6.547520243e+02 +1.654752024e+03 +1.654752024e+03 -3.3327e+00 -3.9102e+00 +6.5673e-01 -3.8084e-01 +1.9525e+00 -9.4157e-03 -3.9690e+00 +2.8373e+00 +2.6845e+00 +9.9930e-01 +4.5646e+00 -1.6292e+00 +2.5455e+00 +1.0212e+00 -1.9269e+00 -3.3721e-01 -3.5403e+00 +2.2700e+00 +2.8862e+00 -1.7180e+00
503 +5.419425471e+02 +5.419425471e+02 +1.541942547e+03 +1.541942547e+03 -1.7065e+00 -1.9633e+00 -3.2945e+00 -3.2386e+00 -7.5285e-01 -2.4467e+00 +4.1334e+00 +3.5577e+00 +2.2790e+00 +4.0922e+00 -1.2268e+00 +3.9774e+00 -1.7159e-01 +4.6039e-01 -2.2729e+00 +2.4042e+00 -2.7662e+00 -7.2035e-01 +4.3848e+00 +2.8013e-01
983 +4.753192922e+02 +4.753192922e+02 +1.475319292e+03 +1.475319292e+03 -1.9714e+00 -3.0723e+00 -3.7312e+00 -3.7096e+00 -3.6389e+00 +2.3497e+00 +3.2969e+00 +2.4383e+00 -2.1225e+00 +2.7578e+00 +1.8618e-01 +2.5964e+00 -3.0732e+00 -1.5198e-01 +5.3680e-01 +2.4312e+00 -4.0973e+00 -5.0383e-01 +4.1884e+00 +4.1201e+00
7533 +4.327383857e+02 +4.327383857e+02 +1.432738386e+03 +1.432738386e+03 +4.9096e-01 -3.9941e+00 -4.5081e+00 +1.1676e+00 -2.7098e+00 -1.0155e+00 -3.2435e+00 -1.6140e-01 -1.7333e+00 +3.4674e+00 +3.2124e+00 +2.5140e-02 -3.0604e+00 -2.6179e+00 +6.1928e-01 +1.9796e+00 +1.1520e+00 -8.6704e-01 +1.5425e+00 +4.3529e-01
66759 +4.042011351e+02 +4.042011351e+02 +1.404201135e+03 +1.404201135e+03 -2.2145e+00 -1.2646e+00 -4.9669e+00 +9.2989e-01 -3.4854e+00 -7.4029e-01 -9.1194e-01 -2.7124e-01 -2.7785e+00 -2.6450e-02 +2.3593e+00 -5.7444e-01 -4.4168e+00 +6.8412e-01 +1.8576e+00 -2.1967e+00 -3.5935e+00 -4.0769e+00 +2.4208e+00 +4.5721e+00
113497 +3.305978631e+02 +3.305978631e+02 +1.330597863e+03 +1.330597863e+03 -2.8856e+00 +5.1556e-01 -2.3964e+00 -1.0080e+00 -1.9472e+00 -2.3355e+00 +6.4690e-01 +8.1710e-01 +9.9278e-01 +2.2771e+00 +1.9641e+00 +9.5965e-01 +3.0921e+00 +6.2706e-01 +2.2264e+00 +2.6467e+00 -3.4705e+00 -4.2578e+00 +2.3252e+00 +3.5396e+00
2106261 +2.821982337e+02 +2.821982337e+02 +1.282198234e+03 +1.282198234e+03 -2.7278e+00 -3.5103e+00 -2.1826e+00 -1.9694e+00 -4.7166e+00 +1.2468e+00 -1.7583e+00 -4.4587e+00 -1.9767e-01 +9.5646e-01 +5.1986e-01 +2.7629e+00 -6.6723e-01 -3.7547e-01 +5.6151e-01 -6.9046e-01 -4.9535e+00 -1.2557e+00 +1.6422e+00 +3.0337e+00
3418623 +2.618658544e+02 +2.618658544e+02 +1.261865854e+03 +1.261865854e+03 -9.6406e-01 -1.6519e+00 -2.4697e-01 -1.3154e+00 -2.9517e+00 -1.9629e-01 +1.7098e-01 -6.0152e-01 -1.9930e-01 +1.9885e+00 +1.2996e+00 +1.9101e+00 +1.0644e-01 -2.1599e+00 -1.1090e+00 -1.0776e+00 -4.9430e+00 -2.8911e+00 +3.8653e+00 -5.8317e-01
36031862 +2.297428531e+02 +2.297428531e+02 +1.229742853e+03 +1.229742853e+03 -3.0303e+00 -3.3915e+00 -2.8325e+00 -4.0873e+00 -1.5792e+00 +4.5175e-01 +2.5947e+00 -1.4237e+00 +1.6969e+00 +2.0017e+00 +1.7922e+00 +3.7224e+00 +8.8576e-01 -2.8831e+00 -1.1224e+00 +1.2235e-01 -1.4468e+00 -2.8504e+00 +2.6536e+00 +2.1372e+00
105079049 +2.265373402e+02 +2.265373402e+02 +1.226537340e+03 +1.226537340e+03 -4.7448e+00 -4.2002e+00 -3.7488e+00 -1.9270e+00 -1.3934e+00 +7.8993e-02 -1.5077e+00 +8.7493e-01 +1.3548e+00 +2.9699e+00 +7.6120e-01 +1.7723e+00 -2.9682e-01 -9.2266e-01 +4.9051e-01 +1.1781e+00 -3.6717e+00 -3.6384e+00 +2.7673e+00 +2.1681e+00
% function evaluation | noise-free fitness - Fopt (-3.030200000000e+02) | best noise-free fitness - Fopt | measured fitness | best measured fitness | x1 | x2...
1 +1.182104846e+03 +1.182104846e+03 +8.790848462e+02 +8.790848462e+02 +2.6305e+00 +1.7777e+00 +4.6325e+00 +4.8144e-01 -2.5765e+00 -2.5553e+00 +3.3933e+00 -4.8483e+00 +2.0575e+00 -3.5732e+00 -2.8752e+00 -3.0145e+00 +5.2987e-01 -5.3810e-01 +4.4984e-01 -2.8422e+00 +2.1338e+00 -1.2298e+00 +2.3653e+00 +2.3558e+00
2 +1.036977531e+03 +1.036977531e+03 +7.339575313e+02 +7.339575313e+02 +1.5677e+00 +2.3028e+00 +3.0099e+00 -4.6990e+00 +2.2413e+00 +3.6773e+00 +5.5698e-02 +1.1628e+00 -6.3064e-01 +2.8545e+00 +2.3822e+00 -2.2709e+00 -1.4521e+00 -1.6022e+00 -1.0212e+00 +1.0136e+00 -6.6291e-01 +1.6759e+00 -3.8267e+00 -4.7688e+00
4 +8.737579950e+02 +8.737579950e+02 +5.707379950e+02 +5.707379950e+02 -2.0044e+00 -5.4631e-01 +1.7721e+00 +3.7350e+00 +4.9477e+00 -3.3713e+00 -1.6579e+00 -1.8376e+00 -1.4712e+00 -4.8352e+00 +2.9714e+00 +4.6584e-01 -4.5277e+00 +1.3007e+00 -1.7196e+00 +1.9098e+00 -1.3125e+00 +2.2078e+00 +4.3175e+00 -4.7238e+00
8 +7.945455107e+02 +7.945455107e+02 +4.915255107e+02 +4.915255107e+02 -2.6880e+00 +4.9842e+00 +2.9040e+00 -3.5557e-01 -1.2141e+00 +8.9812e-01 -3.2238e+00 +2.1024e+00 +3.0797e+00 +2.5776e+00 -3.9896e-01 -3.1767e+00 -4.1077e+00 -3.4914e+00 +2.7433e-01 +7.4030e-01 -2.9604e+00 -7.8766e-01 -1.5235e+00 +4.7724e+00
21 +7.759271624e+02 +7.759271624e+02 +4.729071624e+02 +4.729071624e+02 -2.0070e+00 +1.6244e+00 -3.2971e-01 -1.2349e+00 +4.0177e+00 -4.8707e+00 -5.3996e-01 +5.7261e-01 +1.7810e+00 -2.9197e+00 +2.8337e+00 +4.0648e-03 -3.4670e+00 +3.4124e+00 -1.3272e+00 +3.4155e+00 -3.1684e-01 +1.4588e+00 +1.7832e+00 -2.2978e+00
60 +6.653159145e+02 +6.653159145e+02 +3.622959145e+02 +3.622959145e+02 -1.0051e+00 +2.9634e+00 +1.1453e+00 -1.7846e+00 +4.5791e+00 +3.2497e+00 -4.2944e+00 +3.4346e+00 -3.5958e+00 -7.2675e-01 -3.1273e+00 +1.0543e-01 +4.1726e-01 -2.4462e+00 +7.5199e-01 +2.2828e-01 -1.4664e+00 -2.0961e-02 -6.5059e-01 +2.1181e-02
74 +5.106023973e+02 +5.106023973e+02 +2.075823973e+02 +2.075823973e+02 -3.8836e+00 +1.6168e+00 +4.9849e+00 -8.3749e-02 +1.7199e+00 +3.6692e+00 -2.2330e+00 +3.8056e+00 -4.3030e-01 +2.1119e-01 +2.1929e-02 -2.6790e+00 -4.2069e+00 +3.7831e-01 -6.3935e-01 +3.6599e-01 -2.9675e+00 -4.5248e+00 -3.9625e+00 +4.9942e-01
1146 +4.739685258e+02 +4.739685258e+02 +1.709485258e+02 +1.709485258e+02 -2.2446e+00 -1.6613e+00 +4.3641e+00 -1.2862e+00 +1.8348e-01 -2.8958e+00 +5.3728e-01 +6.0931e-01 -2.2141e+00 -6.5529e-01 +2.3424e-01 -2.5739e+00 -2.9256e+00 -4.6135e+00 +1.8106e+00 +1.1457e+00 -8.0170e-01 -3.4365e+00 -2.6156e+00 +1.6861e+00
2364 +4.522052020e+02 +4.522052020e+02 +1.491852020e+02 +1.491852020e+02 +7.8404e-01 -1.0272e+00 +4.8625e+00 -1.3270e+00 +4.1912e+00 +1.4588e+00 -1.3433e+00 +2.6953e+00 -1.0152e+00 -5.8700e-01 +2.2454e+00 -4.3001e+00 -3.8378e+00 -8.1876e-01 +3.3497e+00 -4.3424e+00 -3.5644e+00 -2.9422e+00 -1.3228e+00 +2.8587e+00
25321 +4.443445012e+02 +4.443445012e+02 +1.413245012e+02 +1.413245012e+02 -4.5157e-02 -1.2759e+00 +2.2055e+00 -1.0364e+00 -9.1656e-01 +3.3140e+00 -4.0428e+00 +6.5110e-01 +1.2879e+00 -2.5195e+00 +9.3871e-01 -3.8748e+00 -2.7233e+00 -3.0840e+00 -1.0659e+00 -3.4297e+00 -2.0476e+00 +3.0043e+00 +4.5353e-01 +6.6918e-01
29198 +4.316806386e+02 +4.316806386e+02 +1.286606386e+02 +1.286606386e+02 -4.9080e+00 -9.0252e-02 -9.7875e-01 +2.5617e-01 +4.1523e+00 -4.1846e+00 +9.9966e-01 -1.8906e+00 -1.7071e+00 +2.4794e-01 +1.3737e+00 -9.4593e-01 -5.2677e-01 -1.7202e+00 +1.0849e+00 -4.3565e+00 +4.3437e+00 -1.0069e+00 +3.7540e-01 -2.5836e+00
32703 +3.714213664e+02 +3.714213664e+02 +6.840136636e+01 +6.840136636e+01 -2.3270e+00 -1.0060e+00 +2.6322e+00 -2.0128e+00 +4.8254e+00 +2.1526e+00 -2.6000e+00 +1.7692e+00 -3.1537e+00 -2.7515e+00 +1.0678e+00 -4.1039e+00 +2.5222e+00 -4.6692e+00 -1.3666e+00 -3.5022e+00 -2.1547e+00 +2.0250e+00 -4.3641e+00 -2.2295e+00
68239 +2.842140921e+02 +2.842140921e+02 -1.880590793e+01 -1.880590793e+01 -3.8790e+00 -3.4861e+00 +3.0336e+00 -3.7258e+00 +2.5928e+00 -1.8240e+00 -1.0895e+00 +1.7197e+00 -1.3503e+00 +9.2879e-02 +4.6042e+00 -4.6865e+00 -1.8667e+00 -4.2943e+00 -2.7690e-02 -4.8974e+00 -2.2827e+00 +7.0512e-01 -3.6590e-01 +1.5254e+00
22917608 +2.753026710e+02 +2.753026710e+02 -2.771732904e+01 -2.771732904e+01 -1.7812e+00 +1.8376e-01 +3.3733e+00 -1.9551e+00 +8.8754e-01 -1.3776e+00 -2.7731e+00 -3.8503e-01 -5.0115e-01 -2.0902e+00 +6.3982e-01 -1.5827e+00 -3.8432e+00 -1.1287e+00 -3.4552e-01 -3.6404e+00 -1.3478e+00 -1.9089e+00 -1.9186e+00 +4.1619e-01
114289310 +2.601861773e+02 +2.601861773e+02 -4.283382273e+01 -4.283382273e+01 -4.0627e+00 +1.3512e-01 +3.2010e+00 -2.4683e+00 +3.9176e+00 +1.4333e+00 -4.8994e-01 +2.0983e+00 -2.8211e+00 +3.4762e-01 +3.6583e+00 -2.7404e-01 -1.0242e+00 -4.8096e+00 -2.4147e+00 -4.4919e+00 -1.3940e+00 -1.1135e+00 -1.3975e+00 -1.2211e+00
130073756 +2.508813226e+02 +2.508813226e+02 -5.213867735e+01 -5.213867735e+01 -4.2442e+00 +3.0592e-01 +3.0087e+00 -8.8806e-01 +1.5251e+00 -2.1596e+00 -1.9968e+00 -1.3426e-01 -1.2297e+00 +7.4276e-01 +5.8149e-01 -4.8110e+00 +1.0143e+00 -3.7247e+00 +9.6528e-01 -4.2763e+00 +2.9802e+00 -1.7528e+00 -1.6258e+00 -1.2335e+00
180915065 +2.433981281e+02 +2.433981281e+02 -5.962187189e+01 -5.962187189e+01 -8.3850e-01 -1.4652e+00 +2.0602e+00 -2.6500e+00 +3.3060e+00 -1.9840e+00 -2.9330e+00 -1.8767e+00 -3.1440e+00 -1.0516e+00 +2.1028e-01 -3.9661e+00 -3.8030e+00 -2.4399e+00 -6.3439e-01 -3.0779e+00 -1.6454e+00 +1.0703e+00 -1.2820e-01 +2.0024e-01
% function evaluation | noise-free fitness - Fopt (4.731200000000e+02) | best noise-free fitness - Fopt | measured fitness | best measured fitness | x1 | x2...
1 +2.203871270e+03 +2.203871270e+03 +2.676991270e+03 +2.676991270e+03 +1.8573e+00 +3.7083e+00 +1.6367e+00 +2.2398e+00 -4.0584e+00 +1.3865e+00 -2.1438e+00 -3.2479e+00 +4.0989e+00 +2.3726e+00 +1.9288e+00 +4.1932e+00 -1.6201e+00 -3.3893e+00 +3.5154e+00 +9.2537e-01 -1.1083e+00 +4.2073e+00 +1.8179e-01 +6.2119e-01
3 +1.932830778e+03 +1.932830778e+03 +2.405950778e+03 +2.405950778e+03 -2.7354e+00 +3.5212e+00 +2.2912e+00 -2.5723e+00 -3.9697e+00 -2.7958e+00 +4.9858e-01 +6.9311e-01 -4.6838e+00 -4.0862e+00 +1.0428e+00 -3.1107e+00 +2.9659e+00 -4.3927e+00 -1.9673e+00 +3.7030e+00 -4.1805e-01 -4.0775e+00 -4.3794e+00 +1.3222e+00
4 +1.723606990e+03 +1.723606990e+03 +2.196726990e+03 +2.196726990e+03 +7.5545e-01 +3.9153e+00 +4.2365e+00 +1.3973e+00 -1.8812e+00 -3.9562e+00 -2.9951e+00 +2.2060e+00 +4.3865e+00 +3.9106e+00 -1.8133e-01 -4.7107e+00 -1.7209e+00 -5.9284e-01 +4.5394e-03 -1.2350e+00 +3.5596e+00 +2.6952e+00 -7.2703e-01 -4.2503e+00
7 +1.127928927e+03 +1.127928927e+03 +1.601048927e+03 +1.601048927e+03 -2.6939e+00 -4.8910e+00 -5.0381e-01 -2.2305e+00 -4.0387e+00 +2.4559e+00 +1.9992e+00 -2.5372e+00 -5.1122e-01 -5.0438e-01 -3.9609e+00 -3.6941e+00 -3.3051e+00 -1.8597e+00 +6.9697e-01 -3.8956e+00 +3.9411e+00 +1.2934e-01 -3.8023e+00 +3.5946e+00
13 +9.567287928e+02 +9.567287928e+02 +1.429848793e+03 +1.429848793e+03 -9.2690e-01 -9.0852e-01 +3.1108e+00 +3.9130e+00 +4.3963e+00 +1.8190e+00 +2.4623e+00 +2.9533e+00 -4.5017e+00 -6.2280e-01 +2.1796e+00 +5.2334e-02 +1.3367e+00 +3.5065e+00 -3.8217e+00 +7.6571e-01 -3.9476e+00 -4.2291e+00 +8.5969e-01 +4.1245e+00
21 +8.690311339e+02 +8.690311339e+02 +1.342151134e+03 +1.342151134e+03 +3.0986e+00 +2.1240e+00 -6.0201e-02 -2.7930e+00 -7.8333e-01 -4.3222e+00 +4.1544e+00 +2.4968e+00 -1.4432e+00 -2.3963e+00 -4.3092e+00 -4.2073e+00 -1.1728e+00 -3.2700e+00 +8.6684e-01 +2.4449e+00 +4.5427e-01 +1.7649e+00 +2.2617e+00 -8.4014e-02
44 +7.666761335e+02 +7.666761335e+02 +1.239796134e+03 +1.239796134e+03 -5.8161e-01 +2.7960e+00 -2.3888e+00 +2.4251e+00 -2.6011e+00 -2.7395e+00 +4.8652e+00 -2.9503e+00 -2.4648e+00 +1.1785e+00 -5.8046e-02 -4.3727e+00 +4.0173e+00 -2.0626e-01 +3.8736e+00 -1.7725e+00 +6.3905e-01 +4.2419e+00 -7.6078e-01 -2.5214e+00
156 +6.008736474e+02 +6.008736474e+02 +1.073993647e+03 +1.073993647e+03 -1.6418e+00 +2.1807e-01 +1.5899e-02 -2.9233e+00 -2.5258e-01 -9.6702e-01 +3.6710e+00 +4.8848e+00 -4.3991e+00 +1.2912e+00 -3.2899e+00 +4.8606e+00 -3.3163e+00 +5.5204e-01 +3.0477e+00 -3.7266e+00 -1.1460e+00 +2.1756e+00 +1.7722e+00 -1.5651e+00
172 +4.246713221e+02 +4.246713221e+02 +8.977913221e+02 +8.977913221e+02 +1.5839e+00 +4.2689e+00 +3.3568e+00 -3.0281e+00 +6.6806e-01 -1.3459e+00 +2.7525e+00 +2.7397e+00 -9.5282e-01 +2.2293e+00 +4.5346e+00 -1.8275e+00 -2.6041e+00 -3.0064e+00 +8.7952e-01 -1.4965e+00 +4.1115e+00 +9.8124e-01 +3.2119e+00 -5.1660e-02
44616 +4.066663945e+02 +4.066663945e+02 +8.797863945e+02 +8.797863945e+02 +7.5497e-01 -8.0425e-01 +1.7075e+00 -1.6198e+00 -2.0204e+00 -8.7436e-01 +1.6890e+00 +2.1164e+00 -4.5787e+00 +3.0459e+00 +8.5150e-01 -3.1674e+00 +2.3408e+00 -3.0842e+00 +1.5858e+00 -2.1659e-01 -1.3627e-01 +4.5014e+00 +2.1597e+00 -2.9004e+00
151427 +3.951423968e+02 +3.951423968e+02 +8.682623968e+02 +8.682623968e+02 -2.5751e+00 -1.1099e+00 +4.2072e+00 -1.7848e+00 -6.9141e-01 -4.4050e+00 +4.2431e-01 +1.6459e+00 -2.2913e+00 +2.4556e-01 +1.2436e+00 -4.5949e+00 -2.0189e+00 -4.5324e+00 +6.0122e-01 +2.8890e-02 +3.1397e+00 +8.7552e-01 +2.8277e+00 -1.1107e-01
169590 +3.814375830e+02 +3.814375830e+02 +8.545575830e+02 +8.545575830e+02 -2.4078e-01 +2.1628e+00 -1.0298e+00 -2.1951e+00 +3.9189e+00 -2.3288e+00 +2.8163e+00 +3.3008e+00 -3.9287e+00 -2.0302e+00 +4.9596e+00 -1.7350e+00 -3.4229e+00 -2.3480e+00 +2.4739e+00 -3.1436e+00 +1.1762e+00 -1.4046e+00 +1.5273e+00 +6.1152e-01
175348 +3.796005442e+02 +3.796005442e+02 +8.527205442e+02 +8.527205442e+02 +1.0047e+00 -2.0985e+00 +2.8314e+00 -3.8989e+00 -1.4080e+00 +1.9853e-01 +3.1035e+00 +2.3785e+00 -3.8615e+00 -4.5922e+00 +2.7507e+00 +4.4973e-01 +7.0850e-01 -2.6300e+00 +3.7117e+00 -2.9426e+00 +6.2872e-02 -2.6052e+00 +4.6972e+00 -2.6761e+00
202279 +3.582173548e+02 +3.582173548e+02 +8.313373548e+02 +8.313373548e+02 +2.3818e+00 -2.0910e+00 -8.0128e-01 +2.2218e+00 +1.9684e+00 -4.0988e+00 +2.4111e+00 +1.9702e+00 -1.0066e+00 -3.7847e-01 +2.9944e+00 -9.2723e-01 -1.5510e+00 +1.0929e+00 +3.1600e+00 -3.8373e+00 +5.6073e-02 -6.6813e-02 +1.7046e+00 -2.9812e+00
245034 +3.147997629e+02 +3.147997629e+02 +7.879197629e+02 +7.879197629e+02 +6.8697e-01 -4.3481e-01 +1.9567e+00 -4.2724e+00 +1.1824e-01 -2.8641e+00 +6.9161e-01 +3.7013e+00 -2.7949e+00 -2.4145e-01 +2.2627e+00 -3.9525e+00 -7.9696e-01 -1.7794e+00 +3.7699e+00 -2.6206e+00 -1.3280e+00 +5.9686e-05 +2.9991e+00 +1.5583e+00
2200845 +3.042733079e+02 +3.042733079e+02 +7.773933079e+02 +7.773933079e+02 -4.5582e-01 +1.7926e+00 +4.8528e+00 +2.2907e-02 -2.0084e+00 -1.6231e+00 +1.1469e+00 +3.9717e+00 -3.7259e+00 +1.7315e+00 +2.0751e+00 -2.8855e+00 -4.8259e-01 -3.1753e+00 +3.9734e+00 +3.3014e-01 +1.4490e+00 +1.7902e+00 +3.7985e+00 -4.4304e+00
3471883 +2.931927427e+02 +2.931927427e+02 +7.663127427e+02 +7.663127427e+02 +1.1629e+00 -2.3790e+00 +1.2643e+00 +1.0299e+00 -9.6903e-01 -2.3140e+00 +4.0006e+00 +2.8573e+00 -2.8985e+00 -1.0745e+00 +2.6604e+00 -3.7513e+00 +3.9173e-01 -4.6665e+00 +3.2647e+00 -2.5080e+00 -1.7299e+00 +5.8153e-01 +3.6218e+00 -3.3402e+00
5231769 +2.807143132e+02 +2.807143132e+02 +7.538343132e+02 +7.538343132e+02 +1.1669e+00 -1.0380e+00 +2.8243e+00 -1.5311e+00 +1.1673e+00 -3.4001e+00 +4.3028e+00 +4.7337e+00 -1.6197e+00 -6.7618e-01 +3.8293e+00 -8.0217e-02 -2.1678e+00 -2.4402e+00 +1.6807e+00 -1.7276e+00 +1.5481e+00 +3.4809e+00 +2.2634e+00 -3.8648e+00
55929059 +2.658706469e+02 +2.658706469e+02 +7.389906469e+02 +7.389906469e+02 -2.5776e-01 +4.3139e-01 +3.1123e+00 -4.4044e+00 +1.4574e+00 -3.7123e+00 +1.3795e+00 +4.3580e+00 -1.0494e+00 -1.2333e+00 +3.4830e+00 -4.1357e+00 -2.4134e+00 -4.7425e+00 +3.2859e+00 -1.8463e+00 +1.8950e+00 +1.6919e+00 +3.9649e+00 -3.1817e+00
65006805 +2.528128440e+02 +2.528128440e+02 +7.259328440e+02 +7.259328440e+02 +4.4562e-01 +1.5115e+00 +3.4925e+00 -1.0569e+00 -2.2947e+00 -3.8509e+00 +3.3628e+00 +1.0174e+00 -4.6310e+00 +1.4420e+00 +1.9299e+00 -3.5397e+00 -1.4463e+00 -2.7166e+00 +3.1266e+00 -1.5167e+00 +4.8911e+00 +3.4939e+00 +3.8907e+00 -2.8087e+00
103154154 +2.206455214e+02 +2.206455214e+02 +6.937655214e+02 +6.937655214e+02 -8.9153e-01 -3.4571e-01 +1.7174e+00 -2.2216e+00 -3.7138e+00 -4.4215e+00 +2.4922e+00 +1.5147e+00 -2.8894e+00 +7.4517e-01 +3.2944e+00 -4.9861e+00 -2.2799e+00 -3.7920e+00 +4.3296e+00 -3.2053e+00 +2.6747e+00 +1.4289e+00 +1.9738e+00 -1.5386e+00
% function evaluation | noise-free fitness - Fopt (6.842100000000e+02) | best noise-free fitness - Fopt | measured fitness | best measured fitness | x1 | x2...
1 +1.940608274e+03 +1.940608274e+03 +2.624818274e+03 +2.624818274e+03 -9.9610e-02 +1.4802e+00 +1.6972e+00 -1.4282e+00 +3.6455e+00 -7.9023e-01 -1.1653e+00 -1.3609e+00 +9.5054e-01 +1.0786e+00 +4.9394e+00 +2.9282e+00 -2.8157e+00 +9.2449e-01 -2.5743e+00 -9.2671e-01 -4.6886e+00 -4.8258e+00 +4.8278e+00 +4.8767e+00
5 +1.762278396e+03 +1.762278396e+03 +2.446488396e+03 +2.446488396e+03 +4.8504e+00 -2.5354e+00 +3.7357e-01 +2.7864e+00 +5.6562e-01 +9.6648e-01 -1.7793e-01 +4.8076e+00 +1.6931e+00 +3.5083e+00 -4.4317e+00 +1.7821e+00 +1.2740e+00 -1.6287e+00 -2.1098e+00 -1.2020e-01 +3.1625e+00 -2.8621e+00 +3.6721e+00 +3.7362e+00
6 +1.262453876e+03 +1.262453876e+03 +1.946663876e+03 +1.946663876e+03 +3.3799e+00 -1.1829e+00 +1.1686e-01 +2.2869e+00 -5.5634e-01 -2.5360e-01 -5.8644e-01 -3.8404e+00 +4.2065e+00 -6.0180e-01 -1.3547e+00 -1.8581e+00 -3.0888e+00 +3.3106e+00 +1.3651e+00 +3.2455e+00 -3.4215e+00 +3.5225e+00 -2.5409e+00 -2.2232e+00
10 +9.765511650e+02 +9.765511650e+02 +1.660761165e+03 +1.660761165e+03 +4.2951e+00 +2.4660e+00 -2.6033e+00 +3.4184e+00 +3.7614e+00 -2.2571e+00 -4.7570e+00 +2.9740e+00 -9.9753e-01 +2.7786e+00 -3.4071e+00 -3.8980e+00 -3.7790e+00 -2.3650e+00 +2.2057e+00 +8.2495e-01 -8.9705e-01 +3.4346e+00 -1.5658e+00 +2.8644e+00
12 +7.400456632e+02 +7.400456632e+02 +1.424255663e+03 +1.424255663e+03 -7.3830e-01 -2.6049e+00 -2.5563e+00 +4.9267e+00 +4.5736e+00 +4.1637e+00 -2.5709e+00 +4.1504e+00 +2.7308e+00 -4.8104e+00 -7.1059e-01 -2.5858e+00 -1.5918e+00 -1.5641e+00 -1.5891e+00 +1.8666e+00 +2.7680e+00 -3.6039e+00 -2.5268e+00 +2.9075e+00
25 +6.772741523e+02 +6.772741523e+02 +1.361484152e+03 +1.361484152e+03 -2.7560e+00 +4.4190e-02 +1.6147e+00 +3.9724e+00 +2.8102e+00 +2.6825e+00 -2.1803e+00 +5.2321e-01 +2.6627e+00 +2.7785e+00 -4.1793e+00 -4.0407e+00 +2.7721e-01 -2.5646e+00 -3.4572e+00 +8.1947e-01 +3.3530e+00 -2.9233e+00 -3.1895e+00 +4.1598e+00
588 +6.303390304e+02 +6.303390304e+02 +1.314549030e+03 +1.314549030e+03 -2.6591e+00 -1.6683e+00 +1.0037e+00 +1.6743e+00 +1.1089e-01 +2.9530e+00 -1.5705e+00 -1.4315e+00 +4.8182e+00 +9.1142e-01 +1.0918e+00 -2.1108e+00 -2.8657e+00 -6.5434e-01 +9.6745e-01 -3.5017e+00 +1.7692e+00 +7.5746e-01 -2.9969e+00 +8.1407e-01
648 +4.614779577e+02 +4.614779577e+02 +1.145687958e+03 +1.145687958e+03 -2.4483e+00 -1.5256e+00 +6.7185e-01 +2.1156e+00 +1.4022e+00 +3.8957e+00 +4.0673e-01 -2.4035e+00 +3.0928e+00 -4.2391e-01 -3.1756e+00 -3.1344e+00 -4.7258e+00 +1.2548e+00 +3.7958e+00 +1.3510e-01 -4.4266e+00 +1.8687e+00 +2.5014e+00 +4.7838e+00
35633 +3.728671218e+02 +3.728671218e+02 +1.057077122e+03 +1.057077122e+03 -2.3595e+00 +7.6245e-01 -3.1683e+00 +2.6247e+00 -1.7081e-01 +1.6353e+00 -3.7212e+00 +4.4597e+00 +2.8257e+00 +2.7130e+00 -3.0878e+00 -8.7920e-02 -6.5041e-01 +2.1419e+00 +1.2359e+00 +9.4783e-01 -1.2443e+00 +1.0286e+00 -6.3531e-02 +1.8408e+00
190763 +3.104305360e+02 +3.104305360e+02 +9.946405360e+02 +9.946405360e+02 -3.8967e+00 +1.6005e+00 -1.6201e+00 +2.8263e+00 +1.6423e+00 +1.3880e+00 -4.0041e+00 +1.3710e+00 +4.5453e+00 +1.6796e+00 -3.8132e+00 -2.4881e+00 -4.0864e+00 -1.1450e+00 +2.2104e+00 +7.8738e-01 -1.1728e+00 +4.3401e+00 +1.3253e+00 +3.9486e+00
362648 +3.003019339e+02 +3.003019339e+02 +9.845119339e+02 +9.845119339e+02 -3.0884e+00 +3.2030e-01 -1.7209e+00 +2.2216e+00 +3.5309e+00 +2.5797e+00 -1.8982e+00 +1.2394e+00 +2.6818e+00 +1.6718e+00 -2.0809e+00 -1.0440e+00 -4.6393e+00 +1.9630e+00 +2.5963e+00 -4.5130e-01 +1.4202e+00 +3.1091e+00 +2.4403e+00 +2.8257e+00
17651455 +2.554412931e+02 +2.554412931e+02 +9.396512931e+02 +9.396512931e+02 -4.5448e+00 +9.3614e-01 -9.7643e-02 +1.9155e+00 +2.5323e+00 +3.8876e+00 +4.4349e-01 +1.4772e+00 +4.6806e+00 +4.9811e+00 -2.7829e+00 -2.8792e+00 -4.8240e+00 +8.7593e-01 +4.4760e+00 +2.7485e-01 +9.8748e-01 +2.1505e+00 +2.2044e+00 +2.4413e+00
136283602 +2.398871679e+02 +2.398871679e+02 +9.240971679e+02 +9.240971679e+02 -3.6974e+00 -7.2780e-01 -3.0155e+00 +2.6385e+00 +1.5702e+00 +3.1868e+00 -3.2667e-01 +3.2586e+00 +4.7884e+00 +4.5632e+00 -4.4648e+00 -2.3013e+00 -3.0824e+00 +3.7613e+00 +9.0394e-01 +4.6870e+00 -1.3323e+00 +3.3323e-01 -3.7283e-01 +3.6240e+00
% function evaluation | noise-free fitness - Fopt (1.808000000000e+01) | best noise-free fitness - Fopt | measured fitness | best measured fitness | x1 | x2...
1 +1.410902666e+03 +1.410902666e+03 +1.428982666e+03 +1.428982666e+03 -2.5139e+00 -4.7529e+00 +4.0336e+00 +2.9255e-01 -4.1801e-01 -4.2889e+00 +1.3445e-01 -1.8640e+00 +4.3460e+00 -3.5444e+00 -2.8740e-01 -1.9308e+00 +2.1274e-01 -4.9997e+00 -3.6711e-01 +2.7061e-01 -2.6267e+00 -1.6433e+00 -2.4425e+00 +2.6054e-01
6 +8.380045817e+02 +8.380045817e+02 +8.560845817e+02 +8.560845817e+02 +4.4147e+00 +4.8747e+00 -1.9853e+00 +3.3674e+00 +1.1355e+00 -2.2252e-01 +2.0335e+00 -1.7233e+00 -4.9426e-01 -5.5037e-01 +1.2399e+00 +1.3995e+00 -2.9834e+00 +2.9759e-01 +2.5691e+00 +1.8213e+00 -2.1506e+00 +5.4417e-01 -1.1647e+00 +1.6851e+00
8 +8.169006847e+02 +8.169006847e+02 +8.349806847e+02 +8.349806847e+02 -3.2988e+00 +3.9391e+00 +4.1536e+00 +3.3520e+00 -4.0626e+00 -9.0730e-01 -2.8164e-01 -4.8708e+00 +1.3848e+00 +4.2947e+00 +3.0890e+00 +1.5808e+00 +1.3876e-01 +1.5984e+00 +3.6882e+00 -2.6858e+00 -8.2471e-01 -2.1062e+00 -2.1303e+00 +1.0791e+00
47 +7.317525525e+02 +7.317525525e+02 +7.498325525e+02 +7.498325525e+02 -8.9311e-01 +2.8812e+00 +1.8759e+00 -3.3248e+00 -3.3035e+00 -2.6557e+00 +3.1954e+00 -9.9354e-02 +8.9493e-01 +3.2627e+00 -1.2152e+00 +3.0634e+00 +3.6999e+00 -1.1618e-01 +4.7090e+00 -3.3563e+00 -4.2318e+00 -1.5081e-01 -4.2798e+00 -5.8273e-01
67 +5.857765306e+02 +5.857765306e+02 +6.038565306e+02 +6.038565306e+02 -2.4440e+00 -3.0956e-02 +4.6499e+00 -1.7113e+00 +2.7419e-01 +1.8575e-01 -4.9803e+00 -2.3728e+00 +1.8726e+00 +1.9074e-01 -1.3280e-01 -2.6614e+00 -5.4068e-01 +9.6465e-01 +1.5351e+00 -5.6066e-02 -4.6632e+00 -3.2956e+00 -2.8534e+00 -3.9185e+00
3363 +5.244951789e+02 +5.244951789e+02 +5.425751789e+02 +5.425751789e+02 +5.2236e-02 +1.5243e+00 +4.6384e+00 +2.5963e+00 +3.9517e+00 -2.0804e+00 -1.6897e+00 -3.5754e-01 -3.6331e+00 +3.7583e+00 -1.2005e+00 -4.2399e+00 -3.7983e+00 -1.2746e+00 +2.3804e+00 +1.0164e+00 -1.7229e-01 +8.7725e-01 -2.7450e-01 +6.0576e-01
9087 +4.230319108e+02 +4.230319108e+02 +4.411119108e+02 +4.411119108e+02 +2.2341e+00 +2.1998e+00 -5.6243e-03 -1.0873e+00 -1.2150e+00 -6.1472e-01 +1.3878e+00 +7.1004e-01 -3.7465e-01 +3.5180e+00 +1.9330e+00 -1.0853e+00 -8.6128e-01 -3.6075e+00 +3.4253e+00 -1.7567e+00 -4.0062e+00 -1.1023e+00 -4.1472e+00 +7.0134e-02
42619 +3.553068151e+02 +3.553068151e+02 +3.733868151e+02 +3.733868151e+02 -1.7327e+00 +3.2757e+00 +2.9032e+00 +1.7115e+00 -8.3028e-01 -4.1404e-01 +7.1950e-01 +3.8409e+00 +2.5143e+00 +5.7199e-01 +2.3951e+00 -1.3020e+00 -1.6264e+00 +7.0626e-01 +4.2084e+00 -3.6351e+00 -8.6291e-01 +7.0434e-01 -1.8510e-01 +1.0330e+00
145250 +3.406375976e+02 +3.406375976e+02 +3.587175976e+02 +3.587175976e+02 +2.5736e+00 +3.4807e+00 +3.0746e+00 +6.0994e-01 -1.9242e+00 -3.9476e+00 +3.2209e+00 +2.7335e+00 +3.1369e-01 +7.4746e-02 +2.6626e+00 -2.3850e+00 -3.7669e+00 -1.6619e+00 +3.5197e+00 -1.3582e+00 -4.7112e+00 -4.5596e+00 -3.7160e+00 -1.5639e+00
873874 +3.196324818e+02 +3.196324818e+02 +3.377124818e+02 +3.377124818e+02 -4.4075e+00 +2.0316e+00 +3.5592e+00 +1.0387e+00 +2.7628e+00 -3.3659e+00 -6.2424e-02 -7.0107e-01 +1.7453e+00 +3.0444e+00 +1.3733e+00 +8.7350e-01 -1.6459e-01 +1.7719e+00 -2.5598e-01 -1.0580e+00 -3.8674e+00 -1.8823e+00 -2.4597e+00 -1.1958e+00
5817356 +3.146773429e+02 +3.146773429e+02 +3.327573429e+02 +3.327573429e+02 +2.7523e+00 +2.3753e+00 +3.9377e+00 +8.0620e-01 -2.5312e+00 -4.2944e+00 -1.4147e+00 +2.3103e+00 +8.8088e-01 +2.6026e-01 +7.8289e-01 -2.7536e+00 -3.1107e+00 +1.9342e+00 +3.1413e+00 -8.3125e-01 -3.5121e-01 -9.6727e-01 -3.0650e+00 -9.7158e-01
8618124 +2.785712078e+02 +2.785712078e+02 +2.966512078e+02 +2.966512078e+02 +4.3174e-02 +9.1003e-01 +4.3570e+00 +5.1757e-01 -9.6692e-02 -3.1698e+00 -2.2117e+00 +3.1571e+00 -2.9248e-01 -1.1735e+00 +1.6391e+00 -1.1400e-01 -2.9420e+00 +5.7500e-01 +2.4941e+00 -1.9284e+00 -3.4547e+00 -1.9253e+00 -3.6735e+00 -3.4800e+00
20570372 +2.355693630e+02 +2.355693630e+02 +2.536493630e+02 +2.536493630e+02 -7.7709e-02 +3.0480e+00 +3.9379e+00 +2.3865e-01 -8.3030e-01 -3.8655e+00 -6.9113e-01 +2.9332e+00 +2.5706e+00 +5.6226e-01 +2.3988e+00 -1.9713e+00 -3.4405e+00 +1.9544e+00 +4.3330e+00 -3.4575e+00 -1.9306e+00 -2.1565e+00 -4.5697e+00 -3.5075e+00
188500985 +2.287077188e+02 +2.287077188e+02 +2.467877188e+02 +2.467877188e+02 +2.3659e+00 +8.9723e-01 +2.4443e+00 +1.8496e+00 -2.8063e-01 -3.1790e+00 +1.7641e-01 +3.4870e+00 -1.4097e+00 +4.1799e+00 +1.6745e+00 +6.5456e-01 -1.5347e+00 -4.3220e-01 +3.4681e+00 -2.3837e+00 -3.7573e+00 +1.1217e-01 -2.7674e+00 -3.2100e+00
% function evaluation | noise-free fitness - Fopt (-1.537900000000e+02) | best noise-free fitness - Fopt | measured fitness | best measured fitness | x1 | x2...
1 +1.869979486e+03 +1.869979486e+03 +1.716189486e+03 +1.716189486e+03 +2.6303e+00 +4.7537e+00 +3.3020e-01 -1.5302e+00 -2.2258e+00 -2.2275e+00 -3.4657e+00 +2.7754e+00 -4.3094e+00 +1.7717e+00 +3.8408e+00 +3.0731e+00 +7.2491e-02 +2.0104e+00 +1.5814e+00 -3.3872e+00 -4.6493e-01 -3.9667e+00 -1.6586e+00 -1.2503e+00
2 +6.834100773e+02 +6.834100773e+02 +5.296200773e+02 +5.296200773e+02 -1.8744e+00 -4.9669e-01 +1.0358e+00 +3.3278e+00 +3.0180e+00 +1.2449e+00 -3.3282e-01 -4.3430e+00 +5.8065e-01 -3.4356e+00 -4.7143e+00 +7.1380e-01 +4.8313e+00 +2.3092e+00 -6.9278e-01 +3.5582e+00 +2.0020e+00 -1.6849e-01 +8.2068e-01 +1.3883e+00
360 +6.660444008e+02 +6.660444008e+02 +5.122544008e+02 +5.122544008e+02 -3.3511e+00 +1.2197e+00 +2.6440e+00 -2.3025e+00 -2.3843e+00 +4.3734e+00 -3.8205e+00 -2.1097e+00 -9.8318e-01 -3.3220e+00 -1.8408e+00 -3.6405e+00 +6.5046e-01 +1.5648e+00 -1.2549e+00 -1.2651e+00 +3.2152e+00 +7.0841e-01 -4.2092e+00 -3.2239e+00
431 +5.729090293e+02 +5.729090293e+02 +4.191190293e+02 +4.191190293e+02 -4.8588e-01 +1.9900e+00 +2.5813e+00 +6.6942e-02 -2.4982e+00 +1.3093e+00 -3.9595e+00 -2.0209e+00 -2.0108e+00 -2.9593e+00 -1.6654e+00 +4.2358e+00 -3.3528e+00 +2.3434e-01 -4.1507e+00 +4.1694e+00 -3.2296e+00 +1.7138e-01 -2.1644e-02 +4.4655e+00
7153 +5.108234734e+02 +5.108234734e+02 +3.570334734e+02 +3.570334734e+02 -8.6038e-01 +5.9954e-01 +1.0206e+00 -2.9188e+00 +2.1986e+00 +2.2017e+00 -2.0671e+00 -1.6423e+00 -1.8221e+00 -4.6959e+00 -3.4352e+00 +4.3594e+00 -1.2294e+00 -9.4027e-01 +6.7288e-01 +1.7916e+00 +8.4455e-01 +7.2288e-01 +2.0147e-01 +3.8968e+00
10532 +4.902978054e+02 +4.902978054e+02 +3.365078054e+02 +3.365078054e+02 +8.5616e-01 -2.1387e+00 -2.5920e+00 -2.9664e+00 -4.3691e+00 +3.0556e+00 -4.1913e+00 -3.9611e+00 +2.0924e+00 -3.7672e-01 -4.7229e+00 +1.4652e+00 +4.8510e+00 +2.9332e+00 -9.9692e-01 +2.1295e+00 +2.1124e-01 +2.3126e+00 -4.6600e+00 +2.8664e+00
41973 +4.136719903e+02 +4.136719903e+02 +2.598819903e+02 +2.598819903e+02 -1.9983e+00 +2.8195e+00 -4.0870e+00 -3.0338e+00 +1.2576e+00 +3.3661e+00 -2.3827e+00 -2.1157e+00 -1.2344e+00 -4.6530e+00 -3.4726e+00 -1.8703e-01 -8.1700e-02 +9.5509e-01 -2.1338e-01 +4.3948e+00 +3.8438e+00 -3.7907e+00 -3.5697e+00 +4.1462e+00
44082 +3.398241660e+02 +3.398241660e+02 +1.860341660e+02 +1.860341660e+02 -4.7896e+00 +1.3599e+00 -1.2506e-02 -3.8004e+00 -1.2033e+00 +9.9990e-01 -1.8940e+00 -8.0181e-01 -2.7020e+00 -2.9877e+00 -3.2021e+00 +3.1099e+00 -1.1335e+00 +2.4956e+00 -1.8973e+00 +2.9660e+00 +1.3452e+00 -3.9086e+00 -2.0965e+00 +4.5375e+00
2372920 +3.246492835e+02 +3.246492835e+02 +1.708592835e+02 +1.708592835e+02 -3.1823e+00 +1.2856e+00 +7.1207e-01 -1.5515e+00 +3.3615e-01 +4.2104e+00 -1.9182e-01 -4.5268e+00 -9.8726e-01 -4.2023e+00 -3.8804e+00 +4.0090e+00 +2.6780e+00 +3.8598e+00 +1.6050e+00 +4.0526e+00 +4.2659e+00 +1.2463e+00 -4.9053e+00 +1.8314e+00
8535860 +3.176901607e+02 +3.176901607e+02 +1.639001607e+02 +1.639001607e+02 +1.0982e+00 +1.7036e+00 +2.6951e+00 -2.4190e+00 -1.1979e+00 +4.2716e+00 -3.3911e+00 -4.0946e+00 +4.1826e-02 -4.2759e+00 -6.9580e-01 +8.9674e-01 +4.3163e-01 -5.7398e-01 -4.1646e+00 +2.2478e+00 +2.9268e+00 +1.2179e+00 -1.3170e+00 -3.0017e-01
8640775 +3.140803610e+02 +3.140803610e+02 +1.602903610e+02 +1.602903610e+02 -2.1445e+00 +9.1252e-01 -2.7345e-01 -4.7068e+00 +1.5917e+00 +4.0794e+00 -3.4535e+00 -3.0013e+00 -2.0268e+00 -2.4163e+00 -3.4995e+00 +2.3820e+00 -3.5505e+00 +1.2401e-01 -3.2958e+00 +3.9511e+00 +3.3991e+00 +7.0253e-02 -9.3982e-01 -2.7731e-01
14019501 +3.062879560e+02 +3.062879560e+02 +1.524979560e+02 +1.524979560e+02 -4.4015e-01 -2.3841e-01 +4.3166e+00 -4.8437e+00 +1.7677e+00 +1.5567e+00 -2.7386e+00 -2.7756e+00 -4.5071e-01 -3.7588e+00 -3.9787e+00 +3.7390e+00 +1.6564e+00 +3.8968e+00 -8.2949e-01 +3.3126e+00 +4.0523e+00 -3.5114e-01 -1.8942e+00 +4.3902e+00
20775359 +2.827321422e+02 +2.827321422e+02 +1.289421422e+02 +1.289421422e+02 +9.0054e-01 -2.4180e+00 -2.7543e+00 -2.0570e+00 +1.6034e+00 +3.6085e+00 -3.1519e+00 -3.8678e+00 -4.2245e+00 -4.9400e+00 -2.4876e+00 +4.7640e+00 +5.6003e-01 +3.0018e+00 -3.5255e+00 +3.6524e+00 +2.8432e+00 -2.1281e+00 -4.6065e-01 +3.6698e+00
40984423 +2.797945015e+02 +2.797945015e+02 +1.260045015e+02 +1.260045015e+02 -8.5831e-02 +6.5310e-01 -2.8850e-01 -3.7987e+00 -5.5000e-01 +3.8973e+00 -2.8994e+00 -7.1548e-01 -1.8358e+00 -3.4572e+00 -2.9738e+00 +3.1195e+00 +3.2473e+00 +3.4339e+00 -1.0144e+00 +1.4518e+00 +1.6678e+00 -9.3241e-01 -2.7623e+00 +3.9385e+00
71512250 +2.361312209e+02 +2.361312209e+02 +8.234122085e+01 +8.234122085e+01 -1.1314e+00 +5.3448e-01 -3.8297e-01 -4.1445e+00 -1.2326e+00 +2.7889e+00 -2.7729e+00 -2.8797e+00 -3.5486e+00 -3.8751e+00 -2.1700e+00 -2.8959e-01 +1.0949e+00 +1.8028e+00 -2.4730e+00 +1.4959e+00 +2.7075e+00 +1.1004e+00 -1.9655e+00 +1.5830e+00
